5.0 0.0
4.995 0.0007089379
4.989999999999999 0.00141698405
4.984999999999999 0.00212414045
4.9799999999999995 0.002830409
4.975 0.00353579165
4.97 0.0042402902999999995
4.965 0.0049439068999999995
4.96 0.0056466434999999995
4.955 0.0063485015
4.949999999999999 0.007049483499999999
4.944999999999999 0.007749591
4.9399999999999995 0.0084488255
4.935 0.0091471895
4.93 0.009844684999999999
4.925 0.010541312999999998
4.92 0.011237076
4.915 0.011931975999999999
4.909999999999999 0.012626014
4.904999999999999 0.0133191925
4.8999999999999995 0.014011513
4.895 0.014702977499999999
4.89 0.0153935875
4.885 0.0160833455
4.88 0.016772252499999998
4.875 0.0174603105
4.869999999999999 0.018147521
4.864999999999999 0.018833886499999997
4.859999999999999 0.019519408
4.8549999999999995 0.0202040875
4.85 0.020887927
4.845 0.021570928
4.84 0.022253092
4.835 0.022934420499999997
4.829999999999999 0.023614916
4.824999999999999 0.024294579999999996
4.819999999999999 0.0249734135
4.8149999999999995 0.0256514185
4.81 0.026328596999999995
4.805 0.027004949999999996
4.8 0.027680479999999997
4.795 0.028355187999999996
4.789999999999999 0.0290290755
4.784999999999999 0.029702144999999996
4.779999999999999 0.030374397
4.7749999999999995 0.031045833499999998
4.77 0.0317164565
4.765 0.032386267499999996
4.76 0.0330552675
4.755 0.0337234585
4.749999999999999 0.034390842
4.744999999999999 0.0350574195
4.739999999999999 0.035723192499999994
4.734999999999999 0.036388162499999994
4.7299999999999995 0.037052331
4.725 0.0377157
4.72 0.0383782705
4.715 0.039040043999999996
4.709999999999999 0.039701021999999996
4.704999999999999 0.040361206499999996
4.699999999999999 0.041020598
4.694999999999999 0.04167919899999999
4.6899999999999995 0.0423370105
4.685 0.042994033499999994
4.68 0.04365026999999999
4.675 0.0443057215
4.67 0.044960388999999996
4.665 0.045614274499999996
4.66 0.0462673785
4.655 0.04691970299999999
4.65 0.0475712495
4.645 0.048222019
4.64 0.048872013
4.635 0.049521233
4.63 0.05016968
4.625 0.050817355
4.62 0.05146426
4.615 0.0521104
4.61 0.05275577
4.6049999999999995 0.053400369999999996
4.6 0.05404421
4.595 0.054687284999999995
4.59 0.0553296
4.585 0.05597115
4.58 0.05661193999999999
4.575 0.057251975
4.57 0.057891254999999996
4.5649999999999995 0.058529775
4.56 0.05916754
4.555 0.05980455
4.55 0.06044081
4.545 0.061076319999999996
4.54 0.061711079999999995
4.535 0.06234509
4.53 0.06297834999999999
4.5249999999999995 0.06361086999999999
4.52 0.06424263999999999
4.515 0.064873665
4.51 0.06550394999999999
4.505 0.06613349
4.5 0.066762295
4.495 0.067390355
4.49 0.06801768
4.484999999999999 0.068644265
4.4799999999999995 0.069270115
4.475 0.06989523
4.47 0.07051961
4.465 0.07114326
4.46 0.071766175
4.455 0.07238836
4.45 0.073009815
4.444999999999999 0.07363054
4.4399999999999995 0.07425054
4.435 0.07486981
4.43 0.075488355
4.425 0.076106175
4.42 0.076723275
4.415 0.07733965
4.41 0.07795529999999999
4.404999999999999 0.07857023499999999
4.3999999999999995 0.07918444499999999
4.395 0.079797935
4.39 0.08041071
4.385 0.08102277
4.38 0.08163411
4.375 0.08224473499999999
4.37 0.082854645
4.364999999999999 0.083463845
4.359999999999999 0.08407233
4.3549999999999995 0.0846801
4.35 0.085287165
4.345 0.08589351499999999
4.34 0.08649916
4.335 0.08710409499999999
4.33 0.08770831999999999
4.324999999999999 0.08831184
4.319999999999999 0.08891465499999998
4.3149999999999995 0.089516765
4.31 0.090118165
4.305 0.09071887000000001
4.3 0.091318865
4.295 0.091918165
4.29 0.09251676
4.284999999999999 0.09311465
4.279999999999999 0.09371184499999999
4.2749999999999995 0.09430834
4.27 0.09490414
4.265 0.09549923999999999
4.26 0.09609364
4.255 0.09668734999999999
4.25 0.09728036
4.244999999999999 0.09787267499999999
4.239999999999999 0.098464295
4.234999999999999 0.099055225
4.2299999999999995 0.09964545999999999
4.225 0.10023500499999999
4.22 0.100823855
4.215 0.101412015
4.21 0.101999485
4.204999999999999 0.102586265
4.199999999999999 0.10317235500000001
4.194999999999999 0.10375775999999999
4.1899999999999995 0.10434247
4.185 0.10492649999999999
4.18 0.10550984
4.175 0.10609248999999998
4.17 0.10667446
4.164999999999999 0.10725574499999999
4.159999999999999 0.10783634
4.154999999999999 0.108416255
4.1499999999999995 0.10899548499999999
4.145 0.10957402999999999
4.14 0.11015189499999999
4.135 0.110729075
4.13 0.111305575
4.124999999999999 0.111881395
4.119999999999999 0.11245652999999999
4.114999999999999 0.113030985
4.109999999999999 0.11360476499999998
4.1049999999999995 0.11417785999999999
4.1 0.11475028
4.095 0.11532202
4.09 0.11589308
4.084999999999999 0.11646345999999999
4.079999999999999 0.117033165
4.074999999999999 0.11760219499999999
4.069999999999999 0.118170545
4.0649999999999995 0.11873821999999999
4.06 0.11930521499999999
4.055 0.11987154
4.05 0.12043718499999999
4.045 0.121002155
4.04 0.121566455
4.035 0.12213007499999999
4.03 0.12269301999999999
4.025 0.12325529499999999
4.02 0.12381689499999998
4.015 0.12437781999999999
4.01 0.12493806999999998
4.005 0.12549765
4.0 0.12605655999999998
3.995 0.12661478999999998
3.99 0.127172355
3.985 0.12772924
3.98 0.12828546
3.975 0.128841005
3.97 0.129395875
3.965 0.12995008
3.96 0.13050361
3.955 0.13105646999999998
3.95 0.131608655
3.945 0.132160175
3.94 0.13271101999999999
3.935 0.133261195
3.93 0.1338107
3.925 0.134359535
3.92 0.134907695
3.915 0.13545519
3.91 0.136002015
3.905 0.136548165
3.9 0.137093645
3.895 0.13763846
3.89 0.1381826
3.885 0.13872607
3.88 0.139268875
3.875 0.139811005
3.87 0.14035246499999998
3.8649999999999998 0.140893255
3.86 0.141433375
3.855 0.141972825
3.85 0.14251160499999999
3.8449999999999998 0.143049715
3.84 0.143587155
3.835 0.14412392
3.83 0.14466002
3.8249999999999997 0.145195445
3.82 0.1457302
3.815 0.146264285
3.81 0.146797695
3.8049999999999997 0.14733044
3.8 0.14786251
3.795 0.14839391
3.79 0.148924635
3.7849999999999997 0.14945468999999997
3.78 0.14998407
3.775 0.15051277999999998
3.77 0.15104082
3.7649999999999997 0.151568185
3.76 0.152094875
3.755 0.15262089499999998
3.75 0.15314624
3.7449999999999997 0.15367091
3.7399999999999998 0.15419491
3.735 0.15471823
3.73 0.15524088
3.7249999999999996 0.155762855
3.7199999999999998 0.15628414999999998
3.715 0.156804775
3.71 0.15732472
3.7049999999999996 0.157843995
3.6999999999999997 0.15836258499999997
3.695 0.158880505
3.69 0.15939774499999998
3.6849999999999996 0.159914305
3.6799999999999997 0.16043018999999997
3.675 0.160945395
3.67 0.161459925
3.6649999999999996 0.16197377
3.6599999999999997 0.16248694
3.655 0.162999425
3.65 0.16351123499999998
3.6449999999999996 0.16402236
3.6399999999999997 0.164532805
3.635 0.16504257
3.63 0.16555165
3.6249999999999996 0.16606005
3.6199999999999997 0.16656776
3.6149999999999998 0.167074795
3.61 0.16758114
3.6049999999999995 0.16808679999999998
3.5999999999999996 0.16859177499999997
3.5949999999999998 0.169096065
3.59 0.16959966499999998
3.5849999999999995 0.17010258
3.5799999999999996 0.17060480999999997
3.5749999999999997 0.17110635
3.57 0.1716072
3.5649999999999995 0.17210736
3.5599999999999996 0.17260683
3.5549999999999997 0.17310560999999997
3.55 0.173603695
3.5449999999999995 0.17410109
3.5399999999999996 0.174597795
3.5349999999999997 0.1750938
3.53 0.175589115
3.5249999999999995 0.176083735
3.5199999999999996 0.17657765999999997
3.5149999999999997 0.17707088499999998
3.51 0.17756342
3.5049999999999994 0.17805524999999997
3.4999999999999996 0.17854638499999997
3.4949999999999997 0.17903681999999999
3.4899999999999998 0.179526555
3.4849999999999994 0.180015585
3.4799999999999995 0.18050391999999998
3.4749999999999996 0.18099154999999997
3.4699999999999998 0.181478475
3.4649999999999994 0.18196469499999998
3.4599999999999995 0.18245021
3.4549999999999996 0.18293502499999997
3.4499999999999997 0.18341912500000002
3.4449999999999994 0.18390252499999998
3.4399999999999995 0.18438521
3.435 0.18486719
3.43 0.18534846
3.4250000000000003 0.185829015
3.42 0.18630886
3.415 0.18678799499999998
3.41 0.18726641499999996
3.4050000000000002 0.187744115
3.4 0.18822110499999997
3.395 0.188697375
3.39 0.18917293000000002
3.3850000000000002 0.18964776499999997
3.38 0.19012188
3.375 0.19059526999999998
3.37 0.191067945
3.365 0.191539895
3.36 0.19201111999999998
3.355 0.19248162
3.35 0.19295139499999997
3.345 0.19342043999999997
3.34 0.19388876
3.335 0.19435634999999998
3.33 0.19482321
3.325 0.195289335
3.32 0.19575473
3.315 0.19621939
3.31 0.19668332
3.305 0.19714651
3.3 0.19760896
3.295 0.198070675
3.29 0.19853164999999998
3.285 0.19899188
3.28 0.19945137500000001
3.275 0.19991011999999997
3.27 0.200368125
3.265 0.20082538
3.26 0.20128189
3.255 0.201737655
3.25 0.202192665
3.245 0.202646925
3.2399999999999998 0.203100435
3.235 0.20355319
3.23 0.20400518999999998
3.225 0.204456435
3.2199999999999998 0.20490692
3.215 0.20535664499999998
3.21 0.205805615
3.205 0.20625382
3.1999999999999997 0.20670126
3.195 0.20714793499999998
3.19 0.20759384499999997
3.185 0.20803899
3.1799999999999997 0.20848336499999998
3.175 0.20892696999999996
3.17 0.2093698
3.165 0.20981186
3.1599999999999997 0.21025313999999998
3.155 0.21069364999999998
3.15 0.21113337499999998
3.145 0.211572325
3.1399999999999997 0.212010495
3.135 0.21244788
3.13 0.212884485
3.125 0.21332029999999996
3.1199999999999997 0.21375532999999997
3.1149999999999998 0.21418956999999997
3.11 0.21462301999999997
3.105 0.21505567499999997
3.0999999999999996 0.21548753999999998
3.0949999999999998 0.21591860999999998
3.09 0.21634888
3.085 0.21677835499999998
3.0799999999999996 0.217207025
3.0749999999999997 0.217634895
3.07 0.21806196
3.065 0.21848822499999998
3.0599999999999996 0.218913675
3.0549999999999997 0.21933832
3.05 0.219762155
3.045 0.220185175
3.0399999999999996 0.22060738
3.0349999999999997 0.22102877499999998
3.03 0.221449345
3.025 0.22186909999999999
3.0199999999999996 0.22228802999999997
3.0149999999999997 0.22270614
3.01 0.22312342
3.005 0.22353987499999997
2.9999999999999996 0.223955505
2.9949999999999997 0.2243703
2.9899999999999998 0.22478425999999999
2.985 0.22519739
2.9799999999999995 0.22560968
2.9749999999999996 0.22602113499999998
2.9699999999999998 0.22643174499999996
2.965 0.226841515
2.9599999999999995 0.22725044
2.9549999999999996 0.22765851999999998
2.9499999999999997 0.22806574999999998
2.945 0.22847213
2.9399999999999995 0.22887765999999998
2.9349999999999996 0.22928232999999998
2.9299999999999997 0.229686145
2.925 0.230089105
2.9199999999999995 0.23049119999999998
2.9149999999999996 0.23089243499999998
2.9099999999999997 0.23129280499999996
2.905 0.231692305
2.8999999999999995 0.232090935
2.8949999999999996 0.2324887
2.8899999999999997 0.232885585
2.885 0.233281595
2.8799999999999994 0.23367672999999997
2.8749999999999996 0.234070985
2.8699999999999997 0.234464355
2.8649999999999998 0.23485683999999998
2.8599999999999994 0.23524843999999998
2.8549999999999995 0.23563915
2.8499999999999996 0.23602897
2.8449999999999998 0.236417895
2.8399999999999994 0.236805925
2.8349999999999995 0.23719305999999998
2.8299999999999996 0.23757929
2.8249999999999997 0.237964615
2.8199999999999994 0.23834903999999998
2.8149999999999995 0.23873255499999999
2.81 0.23911516
2.805 0.239496855
2.8000000000000003 0.23987762999999998
2.795 0.240257495
2.79 0.24063643499999998
2.785 0.241014455
2.7800000000000002 0.24139154999999998
2.775 0.24176772
2.77 0.242142955
2.765 0.242517265
2.7600000000000002 0.242890635
2.755 0.24326306999999997
2.75 0.24363456499999997
2.745 0.24400512
2.74 0.24437473
2.735 0.24474339
2.73 0.24511110499999997
2.725 0.24547785999999996
2.72 0.245843665
2.715 0.246208515
2.71 0.2465724
2.705 0.24693532499999998
2.7 0.24729727999999998
2.695 0.24765826999999999
2.69 0.248018285
2.685 0.24837733
2.68 0.2487354
2.675 0.249092485
2.67 0.24944859
2.665 0.249803715
2.66 0.250157845
2.655 0.25051099
2.65 0.25086314
2.645 0.25121429
2.64 0.25156444499999997
2.635 0.251913595
2.63 0.252261745
2.625 0.25260888
2.62 0.25295501
2.6149999999999998 0.253300125
2.61 0.253644225
2.605 0.25398729999999997
2.6 0.254329355
2.5949999999999998 0.254670385
2.59 0.25501039
2.585 0.25534935999999997
2.58 0.255687295
2.5749999999999997 0.25602419
2.57 0.25636005
2.565 0.25669485999999997
2.56 0.25702862499999996
2.5549999999999997 0.25736134
2.55 0.257693005
2.545 0.25802360999999996
2.54 0.258353155
2.5349999999999997 0.25868163499999997
2.53 0.259009055
2.525 0.2593354
2.52 0.25966067499999995
2.5149999999999997 0.259984875
2.51 0.26030799499999996
2.505 0.26063003
2.5 0.26095098499999997
2.4949999999999997 0.261270845
2.4899999999999998 0.261589615
2.485 0.26190728999999996
2.48 0.262223865
2.4749999999999996 0.26253933999999995
2.4699999999999998 0.262853705
2.465 0.263166965
2.46 0.26347911
2.4549999999999996 0.263790135
2.4499999999999997 0.264100045
2.445 0.26440883
2.44 0.26471648999999997
2.4349999999999996 0.265023015
2.4299999999999997 0.26532841
2.425 0.26563267
2.42 0.265935785
2.4149999999999996 0.26623775499999996
2.4099999999999997 0.266538575
2.405 0.26683825
2.4 0.26713676499999994
2.3949999999999996 0.26743412
2.3899999999999997 0.26773030999999997
2.385 0.26802534
2.38 0.26831919499999995
2.3749999999999996 0.268611875
2.3699999999999997 0.26890337999999997
2.3649999999999998 0.2691937
2.36 0.269482835
2.3549999999999995 0.269770785
2.3499999999999996 0.27005754
2.3449999999999998 0.270343095
2.34 0.27062745
2.335 0.2709106
2.33 0.27119254
2.325 0.27147327
2.32 0.271752785
2.315 0.272031075
2.31 0.27230814
2.305 0.27258398
2.3 0.272858585
2.295 0.273131955
2.29 0.27340408
2.285 0.273674965
2.28 0.27394459499999996
2.275 0.27421297499999997
2.27 0.27448009999999995
2.265 0.27474596
2.26 0.275010555
2.255 0.27527387999999997
2.25 0.27553593
2.245 0.275796705
2.2399999999999998 0.27605619
2.235 0.276314395
2.23 0.276571305
2.225 0.27682692
2.2199999999999998 0.277081235
2.215 0.27733423999999995
2.21 0.27758594
2.205 0.27783632999999996
2.1999999999999997 0.2780854
2.195 0.278333145
2.19 0.278579565
2.185 0.27882464999999995
2.1799999999999997 0.27906840499999996
2.175 0.279310815
2.17 0.27955188
2.165 0.279791595
2.1599999999999997 0.280029955
2.155 0.28026696
2.15 0.2805026
2.145 0.280736865
2.1399999999999997 0.280969765
2.135 0.28120128
2.13 0.28143142
2.125 0.28166016499999996
2.1199999999999997 0.28188752
2.1149999999999998 0.28211347999999997
2.11 0.282338035
2.105 0.282561185
2.0999999999999996 0.28278292
2.0949999999999998 0.28300324
2.09 0.283222135
2.085 0.28343961
2.0799999999999996 0.28365564499999996
2.0749999999999997 0.28387025
2.07 0.284083405
2.065 0.28429512
2.0599999999999996 0.28450538
2.0549999999999997 0.28471418
2.05 0.28492152
2.045 0.28512739
2.0399999999999996 0.28533179
2.0349999999999997 0.28553470999999997
2.03 0.285736145
2.025 0.28593609499999995
2.02 0.28613454499999996
2.015 0.28633149999999996
2.01 0.286526945
2.005 0.286720885
2.0 0.286913305
1.995 0.287104205
1.99 0.28729358
1.985 0.28748142
1.98 0.28766771999999996
1.975 0.28785247999999997
1.97 0.288035685
1.965 0.28821734
1.96 0.288397435
1.955 0.28857595999999996
1.95 0.288752915
1.945 0.288928295
1.94 0.28910209
1.935 0.28927429
1.93 0.2894449
1.925 0.28961391
1.92 0.28978131
1.915 0.289947095
1.91 0.290111265
1.905 0.290273805
1.9 0.29043472
1.895 0.29059398999999997
1.89 0.290751625
1.885 0.29090760499999996
1.88 0.29106192999999997
1.875 0.29121459499999997
1.8699999999999999 0.29136558999999995
1.865 0.291514915
1.8599999999999999 0.291662555
1.855 0.29180850999999997
1.8499999999999999 0.29195277
1.845 0.29209533
1.8399999999999999 0.292236185
1.835 0.29237532499999996
1.8299999999999998 0.29251275
1.825 0.292648445
1.8199999999999998 0.29278241
1.815 0.29291464
1.8099999999999998 0.29304512
1.805 0.293173845
1.7999999999999998 0.293300815
1.795 0.293426015
1.7899999999999998 0.29354944499999996
1.785 0.29367109999999996
1.7799999999999998 0.29379096
1.775 0.293909035
1.7699999999999998 0.29402530499999996
1.765 0.29413976999999997
1.7599999999999998 0.29425242
1.755 0.294363245
1.7499999999999998 0.29447224499999997
1.7449999999999999 0.29457941
1.7399999999999998 0.29468472999999995
1.7349999999999999 0.29478820499999997
1.7299999999999998 0.294889815
1.7249999999999999 0.29498956499999995
1.7199999999999998 0.295087445
1.715 0.295183445
1.71 0.29527755499999997
1.705 0.29536977
1.7 0.29546009
1.695 0.29554849499999997
1.69 0.29563498499999996
1.685 0.29571955
1.68 0.29580217999999997
1.675 0.295882875
1.67 0.29596162
1.665 0.29603840499999995
1.66 0.29611322999999995
1.655 0.296186085
1.65 0.29625695999999996
1.645 0.296325845
1.64 0.29639274
1.635 0.29645762499999995
1.63 0.29652049999999996
1.625 0.296581355
1.6199999999999999 0.296640185
1.615 0.296696975
1.6099999999999999 0.29675172
1.605 0.296804415
1.5999999999999999 0.296855045
1.595 0.2969036
1.5899999999999999 0.296950085
1.585 0.296994475
1.5799999999999998 0.297036775
1.575 0.29707696499999997
1.5699999999999998 0.29711504499999997
1.565 0.297151
1.5599999999999998 0.29718482
1.555 0.29721650499999996
1.5499999999999998 0.29724604
1.545 0.297273415
1.5399999999999998 0.29729861999999996
1.535 0.29732165
1.5299999999999998 0.297342495
1.525 0.297361145
1.5199999999999998 0.297377585
1.515 0.297391815
1.5099999999999998 0.29740382
1.505 0.297413595
1.4999999999999998 0.297421125
1.4949999999999999 0.2974264
1.4899999999999998 0.297429415
1.4849999999999999 0.297430155
1.4799999999999998 0.29742861499999995
1.4749999999999999 0.29742478499999997
1.4699999999999998 0.297418655
1.4649999999999999 0.297410205
1.4599999999999997 0.29739944
1.4549999999999998 0.29738633999999997
1.4499999999999997 0.2973709
1.4449999999999998 0.297353105
1.4399999999999997 0.29733294499999996
1.4349999999999998 0.29731040999999997
1.4299999999999997 0.29728549499999996
1.4249999999999998 0.297258185
1.4199999999999997 0.297228465
1.4149999999999998 0.29719632999999995
1.4099999999999997 0.29716177
1.405 0.29712477
1.4000000000000001 0.29708532499999996
1.395 0.297043415
1.3900000000000001 0.29699903499999997
1.385 0.29695216999999996
1.3800000000000001 0.296902815
1.375 0.29685095
1.37 0.29679657
1.365 0.296739665
1.36 0.29668021499999997
1.355 0.296618215
1.35 0.29655365
1.345 0.29648651
1.34 0.296416785
1.335 0.29634445499999995
1.33 0.296269515
1.325 0.296191955
1.32 0.296111755
1.315 0.29602890499999995
1.31 0.295943395
1.305 0.29585521
1.3 0.295764335
1.295 0.295670765
1.29 0.29557448
1.285 0.29547546999999996
1.28 0.29537371999999995
1.275 0.295269215
1.27 0.29516194999999995
1.265 0.2950519
1.26 0.29493906
1.255 0.294823415
1.25 0.294704945
1.2449999999999999 0.294583645
1.24 0.29445949499999996
1.2349999999999999 0.294332485
1.23 0.2942026
1.2249999999999999 0.29406982
1.22 0.293934135
1.2149999999999999 0.29379552999999997
1.21 0.29365399
1.2049999999999998 0.2935095
1.2 0.293362045
1.1949999999999998 0.29321160999999996
1.19 0.29305818
1.1849999999999998 0.29290173999999997
1.18 0.292742275
1.1749999999999998 0.29257977
1.17 0.292414205
1.165 0.292245565
1.16 0.292073835
1.155 0.291899005
1.15 0.291721045
1.145 0.291539955
1.14 0.29135570499999996
1.135 0.29116828
1.13 0.29097766999999997
1.125 0.29078385
1.1199999999999999 0.29058681
1.115 0.29038653
1.1099999999999999 0.29018299
1.105 0.289976175
1.0999999999999999 0.28976606
1.095 0.28955264
1.0899999999999999 0.28933588499999996
1.085 0.28911578
1.0799999999999998 0.28889231
1.075 0.28866545
1.0699999999999998 0.28843519
1.065 0.2882015
1.0599999999999998 0.287964365
1.055 0.28772377
1.0499999999999998 0.28747969
1.045 0.28723210499999996
1.0399999999999998 0.286981
1.035 0.286726345
1.0299999999999998 0.28646813
1.025 0.286206325
1.0199999999999998 0.28594092
1.015 0.28567188
1.01 0.285399195
1.005 0.28512283499999996
1.0 0.284842785
0.995 0.28455902
0.99 0.284271515
0.985 0.28398025
0.98 0.283685205
0.975 0.28338635
0.97 0.283083665
0.965 0.28277713
0.96 0.282466715
0.955 0.28215239999999997
0.95 0.281834155
0.945 0.281511965
0.94 0.281185795
0.9349999999999999 0.280855625
0.9299999999999999 0.280521425
0.9249999999999999 0.280183175
0.9199999999999999 0.27984084499999995
0.9149999999999999 0.27949440999999997
0.9099999999999999 0.27914384
0.9049999999999999 0.27878910999999995
0.8999999999999999 0.278430195
0.8949999999999999 0.278067065
0.8899999999999999 0.27769968999999994
0.8849999999999999 0.27732804499999997
0.8799999999999999 0.276952095
0.8749999999999999 0.27657181999999997
0.8699999999999999 0.27618718
0.8649999999999999 0.27579814999999996
0.8599999999999999 0.27540470499999997
0.855 0.27500680499999997
0.85 0.27460442
0.845 0.27419752499999994
0.84 0.27378608499999996
0.835 0.27337005999999997
0.83 0.27294943
0.825 0.27252414999999997
0.82 0.272094195
0.815 0.27165952499999996
0.8099999999999999 0.27122011
0.8049999999999999 0.270775905
0.7999999999999999 0.27032689
0.7949999999999999 0.269873015
0.7899999999999999 0.26941425
0.7849999999999999 0.268950555
0.7799999999999999 0.26848189499999997
0.7749999999999999 0.268008225
0.7699999999999999 0.267529515
0.7649999999999999 0.26704572
0.7599999999999999 0.266556805
0.7549999999999999 0.266062725
0.7499999999999999 0.26556343499999996
0.7449999999999999 0.2650589
0.7399999999999999 0.26454907499999997
0.7349999999999999 0.264033915
0.7299999999999999 0.26351337999999996
0.7249999999999999 0.262987425
0.7199999999999999 0.26245599999999997
0.7149999999999999 0.26191906
0.7099999999999999 0.26137656499999995
0.7049999999999998 0.26082846
0.7000000000000001 0.26027469999999997
0.6950000000000001 0.259715235
0.6900000000000001 0.25915001499999996
0.685 0.25857899
0.68 0.258002105
0.675 0.257419315
0.67 0.25683055499999996
0.665 0.256235785
0.66 0.25563494
0.655 0.25502796499999997
0.65 0.25441480499999997
0.645 0.25379539999999995
0.64 0.253169695
0.635 0.25253761999999996
0.63 0.251899125
0.625 0.251254135
0.62 0.2506026
0.615 0.249944445
0.61 0.249279605
0.605 0.24860800999999996
0.6 0.24792959999999997
0.595 0.24724429999999997
0.59 0.246552035
0.585 0.24585274
0.58 0.24514633
0.575 0.244432735
0.57 0.24371187499999997
0.565 0.242983675
0.5599999999999999 0.24224804999999996
0.5549999999999999 0.24150491999999998
0.5499999999999999 0.240754195
0.5449999999999999 0.23999579499999998
0.5399999999999999 0.23922962999999997
0.5349999999999999 0.23845560500000001
0.5299999999999999 0.237673635
0.5249999999999999 0.236883625
0.5199999999999999 0.236085475
0.5149999999999999 0.235279085
0.5099999999999999 0.23446436
0.505 0.23364118999999997
0.5 0.232809475
0.495 0.231969105
0.49 0.23111996499999998
0.485 0.23026195
0.48 0.229394935
0.475 0.228518805
0.47 0.227633435
0.46499999999999997 0.2267387
0.45999999999999996 0.22583446999999998
0.45499999999999996 0.22492062
0.44999999999999996 0.223997005
0.44499999999999995 0.22306348999999998
0.43999999999999995 0.22211993
0.43499999999999994 0.22116618
0.42999999999999994 0.220202085
0.425 0.21922748999999997
0.42 0.21824223999999998
0.415 0.21724616499999996
0.41 0.216239095
0.40499999999999997 0.21522085999999999
0.39999999999999997 0.214191275
0.39499999999999996 0.21315015499999998
0.38999999999999996 0.21209731499999998
0.38499999999999995 0.21103255
0.37999999999999995 0.20995566
0.37499999999999994 0.208866435
0.36999999999999994 0.207764655
0.36499999999999994 0.2066501
0.35999999999999993 0.20552253499999998
0.3549999999999999 0.204381725
0.35000000000000003 0.203227415
0.34500000000000003 0.202059355
0.34 0.200877275
0.335 0.1996809
0.33 0.19846994499999998
0.325 0.197244115
0.32 0.19600309999999999
0.315 0.19474657999999997
0.31 0.19347422499999997
0.305 0.19218569
0.3 0.19088061499999998
0.295 0.18955862499999998
0.29 0.18821933
0.285 0.186862325
0.27999999999999997 0.18548717999999997
0.27499999999999997 0.18409346
0.26999999999999996 0.1826807
0.26499999999999996 0.18124840999999997
0.25999999999999995 0.179796085
0.25499999999999995 0.1783232
0.25 0.17682918999999997
0.245 0.17531346999999997
0.24 0.17377542999999998
0.235 0.17221441499999998
0.22999999999999998 0.17062975
0.22499999999999998 0.169020715
0.21999999999999997 0.167386555
0.21499999999999997 0.16572646
0.21 0.16403958999999999
0.205 0.162325045
0.19999999999999998 0.16058187000000002
0.19499999999999998 0.15880905
0.18999999999999997 0.15700551
0.18499999999999997 0.15517010499999997
0.17999999999999997 0.1533016
0.17500000000000002 0.151398685
0.17 0.14945995499999998
0.165 0.1474839
0.16 0.145468895
0.155 0.143413185
0.15 0.14131486999999998
0.145 0.13917190499999998
0.13999999999999999 0.136982055
0.13499999999999998 0.13474287999999998
0.12999999999999998 0.13245173
0.125 0.13010568
0.12 0.127701515
0.11499999999999999 0.12523568999999998
0.10999999999999999 0.122704265
0.105 0.12010283999999999
0.09999999999999999 0.117426495
0.09499999999999999 0.11466968500000001
0.08999999999999998 0.11182612499999998
0.085 0.10888864
0.08 0.10584899499999999
0.075 0.10269762999999998
0.06999999999999999 0.099423375
0.06499999999999999 0.09601302
0.06 0.09245076499999999
0.05499999999999999 0.08871742999999999
0.049999999999999996 0.08478937
0.04499999999999999 0.08063685500000001
0.04 0.0762216
0.034999999999999996 0.07149291999999999
0.03 0.06638118
0.024999999999999998 0.060786145
0.02 0.05455397499999999
0.015 0.047425704
0.01 0.0388963835
0.005 0.027662410999999998
0.0 0.0
0.005 -0.027662410999999998
0.01 -0.0388963835
0.015 -0.047425704
0.02 -0.05455397499999999
0.024999999999999998 -0.060786145
0.03 -0.06638118
0.034999999999999996 -0.07149291999999999
0.04 -0.0762216
0.04499999999999999 -0.08063685500000001
0.049999999999999996 -0.08478937
0.05499999999999999 -0.08871742999999999
0.06 -0.09245076499999999
0.06499999999999999 -0.09601302
0.06999999999999999 -0.099423375
0.075 -0.10269762999999998
0.08 -0.10584899499999999
0.085 -0.10888864
0.08999999999999998 -0.11182612499999998
0.09499999999999999 -0.11466968500000001
0.09999999999999999 -0.117426495
0.105 -0.12010283999999999
0.10999999999999999 -0.122704265
0.11499999999999999 -0.12523568999999998
0.12 -0.127701515
0.125 -0.13010568
0.12999999999999998 -0.13245173
0.13499999999999998 -0.13474287999999998
0.13999999999999999 -0.136982055
0.145 -0.13917190499999998
0.15 -0.14131486999999998
0.155 -0.143413185
0.16 -0.145468895
0.165 -0.1474839
0.17 -0.14945995499999998
0.17500000000000002 -0.151398685
0.17999999999999997 -0.1533016
0.18499999999999997 -0.15517010499999997
0.18999999999999997 -0.15700551
0.19499999999999998 -0.15880905
0.19999999999999998 -0.16058187000000002
0.205 -0.162325045
0.21 -0.16403958999999999
0.21499999999999997 -0.16572646
0.21999999999999997 -0.167386555
0.22499999999999998 -0.169020715
0.22999999999999998 -0.17062975
0.235 -0.17221441499999998
0.24 -0.17377542999999998
0.245 -0.17531346999999997
0.25 -0.17682918999999997
0.25499999999999995 -0.1783232
0.25999999999999995 -0.179796085
0.26499999999999996 -0.18124840999999997
0.26999999999999996 -0.1826807
0.27499999999999997 -0.18409346
0.27999999999999997 -0.18548717999999997
0.285 -0.186862325
0.29 -0.18821933
0.295 -0.18955862499999998
0.3 -0.19088061499999998
0.305 -0.19218569
0.31 -0.19347422499999997
0.315 -0.19474657999999997
0.32 -0.19600309999999999
0.325 -0.197244115
0.33 -0.19846994499999998
0.335 -0.1996809
0.34 -0.200877275
0.34500000000000003 -0.202059355
0.35000000000000003 -0.203227415
0.3549999999999999 -0.204381725
0.35999999999999993 -0.20552253499999998
0.36499999999999994 -0.2066501
0.36999999999999994 -0.207764655
0.37499999999999994 -0.208866435
0.37999999999999995 -0.20995566
0.38499999999999995 -0.21103255
0.38999999999999996 -0.21209731499999998
0.39499999999999996 -0.21315015499999998
0.39999999999999997 -0.214191275
0.40499999999999997 -0.21522085999999999
0.41 -0.216239095
0.415 -0.21724616499999996
0.42 -0.21824223999999998
0.425 -0.21922748999999997
0.42999999999999994 -0.220202085
0.43499999999999994 -0.22116618
0.43999999999999995 -0.22211993
0.44499999999999995 -0.22306348999999998
0.44999999999999996 -0.223997005
0.45499999999999996 -0.22492062
0.45999999999999996 -0.22583446999999998
0.46499999999999997 -0.2267387
0.47 -0.227633435
0.475 -0.228518805
0.48 -0.229394935
0.485 -0.23026195
0.49 -0.23111996499999998
0.495 -0.231969105
0.5 -0.232809475
0.505 -0.23364118999999997
0.5099999999999999 -0.23446436
0.5149999999999999 -0.235279085
0.5199999999999999 -0.236085475
0.5249999999999999 -0.236883625
0.5299999999999999 -0.237673635
0.5349999999999999 -0.23845560500000001
0.5399999999999999 -0.23922962999999997
0.5449999999999999 -0.23999579499999998
0.5499999999999999 -0.240754195
0.5549999999999999 -0.24150491999999998
0.5599999999999999 -0.24224804999999996
0.565 -0.242983675
0.57 -0.24371187499999997
0.575 -0.244432735
0.58 -0.24514633
0.585 -0.24585274
0.59 -0.246552035
0.595 -0.24724429999999997
0.6 -0.24792959999999997
0.605 -0.24860800999999996
0.61 -0.249279605
0.615 -0.249944445
0.62 -0.2506026
0.625 -0.251254135
0.63 -0.251899125
0.635 -0.25253761999999996
0.64 -0.253169695
0.645 -0.25379539999999995
0.65 -0.25441480499999997
0.655 -0.25502796499999997
0.66 -0.25563494
0.665 -0.256235785
0.67 -0.25683055499999996
0.675 -0.257419315
0.68 -0.258002105
0.685 -0.25857899
0.6900000000000001 -0.25915001499999996
0.6950000000000001 -0.259715235
0.7000000000000001 -0.26027469999999997
0.7049999999999998 -0.26082846
0.7099999999999999 -0.26137656499999995
0.7149999999999999 -0.26191906
0.7199999999999999 -0.26245599999999997
0.7249999999999999 -0.262987425
0.7299999999999999 -0.26351337999999996
0.7349999999999999 -0.264033915
0.7399999999999999 -0.26454907499999997
0.7449999999999999 -0.2650589
0.7499999999999999 -0.26556343499999996
0.7549999999999999 -0.266062725
0.7599999999999999 -0.266556805
0.7649999999999999 -0.26704572
0.7699999999999999 -0.267529515
0.7749999999999999 -0.268008225
0.7799999999999999 -0.26848189499999997
0.7849999999999999 -0.268950555
0.7899999999999999 -0.26941425
0.7949999999999999 -0.269873015
0.7999999999999999 -0.27032689
0.8049999999999999 -0.270775905
0.8099999999999999 -0.27122011
0.815 -0.27165952499999996
0.82 -0.272094195
0.825 -0.27252414999999997
0.83 -0.27294943
0.835 -0.27337005999999997
0.84 -0.27378608499999996
0.845 -0.27419752499999994
0.85 -0.27460442
0.855 -0.27500680499999997
0.8599999999999999 -0.27540470499999997
0.8649999999999999 -0.27579814999999996
0.8699999999999999 -0.27618718
0.8749999999999999 -0.27657181999999997
0.8799999999999999 -0.276952095
0.8849999999999999 -0.27732804499999997
0.8899999999999999 -0.27769968999999994
0.8949999999999999 -0.278067065
0.8999999999999999 -0.278430195
0.9049999999999999 -0.27878910999999995
0.9099999999999999 -0.27914384
0.9149999999999999 -0.27949440999999997
0.9199999999999999 -0.27984084499999995
0.9249999999999999 -0.280183175
0.9299999999999999 -0.280521425
0.9349999999999999 -0.280855625
0.94 -0.281185795
0.945 -0.281511965
0.95 -0.281834155
0.955 -0.28215239999999997
0.96 -0.282466715
0.965 -0.28277713
0.97 -0.283083665
0.975 -0.28338635
0.98 -0.283685205
0.985 -0.28398025
0.99 -0.284271515
0.995 -0.28455902
1.0 -0.284842785
1.005 -0.28512283499999996
1.01 -0.285399195
1.015 -0.28567188
1.0199999999999998 -0.28594092
1.025 -0.286206325
1.0299999999999998 -0.28646813
1.035 -0.286726345
1.0399999999999998 -0.286981
1.045 -0.28723210499999996
1.0499999999999998 -0.28747969
1.055 -0.28772377
1.0599999999999998 -0.287964365
1.065 -0.2882015
1.0699999999999998 -0.28843519
1.075 -0.28866545
1.0799999999999998 -0.28889231
1.085 -0.28911578
1.0899999999999999 -0.28933588499999996
1.095 -0.28955264
1.0999999999999999 -0.28976606
1.105 -0.289976175
1.1099999999999999 -0.29018299
1.115 -0.29038653
1.1199999999999999 -0.29058681
1.125 -0.29078385
1.13 -0.29097766999999997
1.135 -0.29116828
1.14 -0.29135570499999996
1.145 -0.291539955
1.15 -0.291721045
1.155 -0.291899005
1.16 -0.292073835
1.165 -0.292245565
1.17 -0.292414205
1.1749999999999998 -0.29257977
1.18 -0.292742275
1.1849999999999998 -0.29290173999999997
1.19 -0.29305818
1.1949999999999998 -0.29321160999999996
1.2 -0.293362045
1.2049999999999998 -0.2935095
1.21 -0.29365399
1.2149999999999999 -0.29379552999999997
1.22 -0.293934135
1.2249999999999999 -0.29406982
1.23 -0.2942026
1.2349999999999999 -0.294332485
1.24 -0.29445949499999996
1.2449999999999999 -0.294583645
1.25 -0.294704945
1.255 -0.294823415
1.26 -0.29493906
1.265 -0.2950519
1.27 -0.29516194999999995
1.275 -0.295269215
1.28 -0.29537371999999995
1.285 -0.29547546999999996
1.29 -0.29557448
1.295 -0.295670765
1.3 -0.295764335
1.305 -0.29585521
1.31 -0.295943395
1.315 -0.29602890499999995
1.32 -0.296111755
1.325 -0.296191955
1.33 -0.296269515
1.335 -0.29634445499999995
1.34 -0.296416785
1.345 -0.29648651
1.35 -0.29655365
1.355 -0.296618215
1.36 -0.29668021499999997
1.365 -0.296739665
1.37 -0.29679657
1.375 -0.29685095
1.3800000000000001 -0.296902815
1.385 -0.29695216999999996
1.3900000000000001 -0.29699903499999997
1.395 -0.297043415
1.4000000000000001 -0.29708532499999996
1.405 -0.29712477
1.4099999999999997 -0.29716177
1.4149999999999998 -0.29719632999999995
1.4199999999999997 -0.297228465
1.4249999999999998 -0.297258185
1.4299999999999997 -0.29728549499999996
1.4349999999999998 -0.29731040999999997
1.4399999999999997 -0.29733294499999996
1.4449999999999998 -0.297353105
1.4499999999999997 -0.2973709
1.4549999999999998 -0.29738633999999997
1.4599999999999997 -0.29739944
1.4649999999999999 -0.297410205
1.4699999999999998 -0.297418655
1.4749999999999999 -0.29742478499999997
1.4799999999999998 -0.29742861499999995
1.4849999999999999 -0.297430155
1.4899999999999998 -0.297429415
1.4949999999999999 -0.2974264
1.4999999999999998 -0.297421125
1.505 -0.297413595
1.5099999999999998 -0.29740382
1.515 -0.297391815
1.5199999999999998 -0.297377585
1.525 -0.297361145
1.5299999999999998 -0.297342495
1.535 -0.29732165
1.5399999999999998 -0.29729861999999996
1.545 -0.297273415
1.5499999999999998 -0.29724604
1.555 -0.29721650499999996
1.5599999999999998 -0.29718482
1.565 -0.297151
1.5699999999999998 -0.29711504499999997
1.575 -0.29707696499999997
1.5799999999999998 -0.297036775
1.585 -0.296994475
1.5899999999999999 -0.296950085
1.595 -0.2969036
1.5999999999999999 -0.296855045
1.605 -0.296804415
1.6099999999999999 -0.29675172
1.615 -0.296696975
1.6199999999999999 -0.296640185
1.625 -0.296581355
1.63 -0.29652049999999996
1.635 -0.29645762499999995
1.64 -0.29639274
1.645 -0.296325845
1.65 -0.29625695999999996
1.655 -0.296186085
1.66 -0.29611322999999995
1.665 -0.29603840499999995
1.67 -0.29596162
1.675 -0.295882875
1.68 -0.29580217999999997
1.685 -0.29571955
1.69 -0.29563498499999996
1.695 -0.29554849499999997
1.7 -0.29546009
1.705 -0.29536977
1.71 -0.29527755499999997
1.715 -0.295183445
1.7199999999999998 -0.295087445
1.7249999999999999 -0.29498956499999995
1.7299999999999998 -0.294889815
1.7349999999999999 -0.29478820499999997
1.7399999999999998 -0.29468472999999995
1.7449999999999999 -0.29457941
1.7499999999999998 -0.29447224499999997
1.755 -0.294363245
1.7599999999999998 -0.29425242
1.765 -0.29413976999999997
1.7699999999999998 -0.29402530499999996
1.775 -0.293909035
1.7799999999999998 -0.29379096
1.785 -0.29367109999999996
1.7899999999999998 -0.29354944499999996
1.795 -0.293426015
1.7999999999999998 -0.293300815
1.805 -0.293173845
1.8099999999999998 -0.29304512
1.815 -0.29291464
1.8199999999999998 -0.29278241
1.825 -0.292648445
1.8299999999999998 -0.29251275
1.835 -0.29237532499999996
1.8399999999999999 -0.292236185
1.845 -0.29209533
1.8499999999999999 -0.29195277
1.855 -0.29180850999999997
1.8599999999999999 -0.291662555
1.865 -0.291514915
1.8699999999999999 -0.29136558999999995
1.875 -0.29121459499999997
1.88 -0.29106192999999997
1.885 -0.29090760499999996
1.89 -0.290751625
1.895 -0.29059398999999997
1.9 -0.29043472
1.905 -0.290273805
1.91 -0.290111265
1.915 -0.289947095
1.92 -0.28978131
1.925 -0.28961391
1.93 -0.2894449
1.935 -0.28927429
1.94 -0.28910209
1.945 -0.288928295
1.95 -0.288752915
1.955 -0.28857595999999996
1.96 -0.288397435
1.965 -0.28821734
1.97 -0.288035685
1.975 -0.28785247999999997
1.98 -0.28766771999999996
1.985 -0.28748142
1.99 -0.28729358
1.995 -0.287104205
2.0 -0.286913305
2.005 -0.286720885
2.01 -0.286526945
2.015 -0.28633149999999996
2.02 -0.28613454499999996
2.025 -0.28593609499999995
2.03 -0.285736145
2.0349999999999997 -0.28553470999999997
2.0399999999999996 -0.28533179
2.045 -0.28512739
2.05 -0.28492152
2.0549999999999997 -0.28471418
2.0599999999999996 -0.28450538
2.065 -0.28429512
2.07 -0.284083405
2.0749999999999997 -0.28387025
2.0799999999999996 -0.28365564499999996
2.085 -0.28343961
2.09 -0.283222135
2.0949999999999998 -0.28300324
2.0999999999999996 -0.28278292
2.105 -0.282561185
2.11 -0.282338035
2.1149999999999998 -0.28211347999999997
2.1199999999999997 -0.28188752
2.125 -0.28166016499999996
2.13 -0.28143142
2.135 -0.28120128
2.1399999999999997 -0.280969765
2.145 -0.280736865
2.15 -0.2805026
2.155 -0.28026696
2.1599999999999997 -0.280029955
2.165 -0.279791595
2.17 -0.27955188
2.175 -0.279310815
2.1799999999999997 -0.27906840499999996
2.185 -0.27882464999999995
2.19 -0.278579565
2.195 -0.278333145
2.1999999999999997 -0.2780854
2.205 -0.27783632999999996
2.21 -0.27758594
2.215 -0.27733423999999995
2.2199999999999998 -0.277081235
2.225 -0.27682692
2.23 -0.276571305
2.235 -0.276314395
2.2399999999999998 -0.27605619
2.245 -0.275796705
2.25 -0.27553593
2.255 -0.27527387999999997
2.26 -0.275010555
2.265 -0.27474596
2.27 -0.27448009999999995
2.275 -0.27421297499999997
2.28 -0.27394459499999996
2.285 -0.273674965
2.29 -0.27340408
2.295 -0.273131955
2.3 -0.272858585
2.305 -0.27258398
2.31 -0.27230814
2.315 -0.272031075
2.32 -0.271752785
2.325 -0.27147327
2.33 -0.27119254
2.335 -0.2709106
2.34 -0.27062745
2.3449999999999998 -0.270343095
2.3499999999999996 -0.27005754
2.3549999999999995 -0.269770785
2.36 -0.269482835
2.3649999999999998 -0.2691937
2.3699999999999997 -0.26890337999999997
2.3749999999999996 -0.268611875
2.38 -0.26831919499999995
2.385 -0.26802534
2.3899999999999997 -0.26773030999999997
2.3949999999999996 -0.26743412
2.4 -0.26713676499999994
2.405 -0.26683825
2.4099999999999997 -0.266538575
2.4149999999999996 -0.26623775499999996
2.42 -0.265935785
2.425 -0.26563267
2.4299999999999997 -0.26532841
2.4349999999999996 -0.265023015
2.44 -0.26471648999999997
2.445 -0.26440883
2.4499999999999997 -0.264100045
2.4549999999999996 -0.263790135
2.46 -0.26347911
2.465 -0.263166965
2.4699999999999998 -0.262853705
2.4749999999999996 -0.26253933999999995
2.48 -0.262223865
2.485 -0.26190728999999996
2.4899999999999998 -0.261589615
2.4949999999999997 -0.261270845
2.5 -0.26095098499999997
2.505 -0.26063003
2.51 -0.26030799499999996
2.5149999999999997 -0.259984875
2.52 -0.25966067499999995
2.525 -0.2593354
2.53 -0.259009055
2.5349999999999997 -0.25868163499999997
2.54 -0.258353155
2.545 -0.25802360999999996
2.55 -0.257693005
2.5549999999999997 -0.25736134
2.56 -0.25702862499999996
2.565 -0.25669485999999997
2.57 -0.25636005
2.5749999999999997 -0.25602419
2.58 -0.255687295
2.585 -0.25534935999999997
2.59 -0.25501039
2.5949999999999998 -0.254670385
2.6 -0.254329355
2.605 -0.25398729999999997
2.61 -0.253644225
2.6149999999999998 -0.253300125
2.62 -0.25295501
2.625 -0.25260888
2.63 -0.252261745
2.635 -0.251913595
2.64 -0.25156444499999997
2.645 -0.25121429
2.65 -0.25086314
2.655 -0.25051099
2.66 -0.250157845
2.665 -0.249803715
2.67 -0.24944859
2.675 -0.249092485
2.68 -0.2487354
2.685 -0.24837733
2.69 -0.248018285
2.695 -0.24765826999999999
2.7 -0.24729727999999998
2.705 -0.24693532499999998
2.71 -0.2465724
2.715 -0.246208515
2.72 -0.245843665
2.725 -0.24547785999999996
2.73 -0.24511110499999997
2.735 -0.24474339
2.74 -0.24437473
2.745 -0.24400512
2.75 -0.24363456499999997
2.755 -0.24326306999999997
2.7600000000000002 -0.242890635
2.765 -0.242517265
2.77 -0.242142955
2.775 -0.24176772
2.7800000000000002 -0.24139154999999998
2.785 -0.241014455
2.79 -0.24063643499999998
2.795 -0.240257495
2.8000000000000003 -0.23987762999999998
2.805 -0.239496855
2.81 -0.23911516
2.8149999999999995 -0.23873255499999999
2.8199999999999994 -0.23834903999999998
2.8249999999999997 -0.237964615
2.8299999999999996 -0.23757929
2.8349999999999995 -0.23719305999999998
2.8399999999999994 -0.236805925
2.8449999999999998 -0.236417895
2.8499999999999996 -0.23602897
2.8549999999999995 -0.23563915
2.8599999999999994 -0.23524843999999998
2.8649999999999998 -0.23485683999999998
2.8699999999999997 -0.234464355
2.8749999999999996 -0.234070985
2.8799999999999994 -0.23367672999999997
2.885 -0.233281595
2.8899999999999997 -0.232885585
2.8949999999999996 -0.2324887
2.8999999999999995 -0.232090935
2.905 -0.231692305
2.9099999999999997 -0.23129280499999996
2.9149999999999996 -0.23089243499999998
2.9199999999999995 -0.23049119999999998
2.925 -0.230089105
2.9299999999999997 -0.229686145
2.9349999999999996 -0.22928232999999998
2.9399999999999995 -0.22887765999999998
2.945 -0.22847213
2.9499999999999997 -0.22806574999999998
2.9549999999999996 -0.22765851999999998
2.9599999999999995 -0.22725044
2.965 -0.226841515
2.9699999999999998 -0.22643174499999996
2.9749999999999996 -0.22602113499999998
2.9799999999999995 -0.22560968
2.985 -0.22519739
2.9899999999999998 -0.22478425999999999
2.9949999999999997 -0.2243703
2.9999999999999996 -0.223955505
3.005 -0.22353987499999997
3.01 -0.22312342
3.0149999999999997 -0.22270614
3.0199999999999996 -0.22228802999999997
3.025 -0.22186909999999999
3.03 -0.221449345
3.0349999999999997 -0.22102877499999998
3.0399999999999996 -0.22060738
3.045 -0.220185175
3.05 -0.219762155
3.0549999999999997 -0.21933832
3.0599999999999996 -0.218913675
3.065 -0.21848822499999998
3.07 -0.21806196
3.0749999999999997 -0.217634895
3.0799999999999996 -0.217207025
3.085 -0.21677835499999998
3.09 -0.21634888
3.0949999999999998 -0.21591860999999998
3.0999999999999996 -0.21548753999999998
3.105 -0.21505567499999997
3.11 -0.21462301999999997
3.1149999999999998 -0.21418956999999997
3.1199999999999997 -0.21375532999999997
3.125 -0.21332029999999996
3.13 -0.212884485
3.135 -0.21244788
3.1399999999999997 -0.212010495
3.145 -0.211572325
3.15 -0.21113337499999998
3.155 -0.21069364999999998
3.1599999999999997 -0.21025313999999998
3.165 -0.20981186
3.17 -0.2093698
3.175 -0.20892696999999996
3.1799999999999997 -0.20848336499999998
3.185 -0.20803899
3.19 -0.20759384499999997
3.195 -0.20714793499999998
3.1999999999999997 -0.20670126
3.205 -0.20625382
3.21 -0.205805615
3.215 -0.20535664499999998
3.2199999999999998 -0.20490692
3.225 -0.204456435
3.23 -0.20400518999999998
3.235 -0.20355319
3.2399999999999998 -0.203100435
3.245 -0.202646925
3.25 -0.202192665
3.255 -0.201737655
3.26 -0.20128189
3.265 -0.20082538
3.27 -0.200368125
3.275 -0.19991011999999997
3.28 -0.19945137500000001
3.285 -0.19899188
3.29 -0.19853164999999998
3.295 -0.198070675
3.3 -0.19760896
3.305 -0.19714651
3.31 -0.19668332
3.315 -0.19621939
3.32 -0.19575473
3.325 -0.195289335
3.33 -0.19482321
3.335 -0.19435634999999998
3.34 -0.19388876
3.345 -0.19342043999999997
3.35 -0.19295139499999997
3.355 -0.19248162
3.36 -0.19201111999999998
3.365 -0.191539895
3.37 -0.191067945
3.375 -0.19059526999999998
3.38 -0.19012188
3.3850000000000002 -0.18964776499999997
3.39 -0.18917293000000002
3.395 -0.188697375
3.4 -0.18822110499999997
3.4050000000000002 -0.187744115
3.41 -0.18726641499999996
3.415 -0.18678799499999998
3.42 -0.18630886
3.4250000000000003 -0.185829015
3.43 -0.18534846
3.435 -0.18486719
3.4399999999999995 -0.18438521
3.4449999999999994 -0.18390252499999998
3.4499999999999997 -0.18341912500000002
3.4549999999999996 -0.18293502499999997
3.4599999999999995 -0.18245021
3.4649999999999994 -0.18196469499999998
3.4699999999999998 -0.181478475
3.4749999999999996 -0.18099154999999997
3.4799999999999995 -0.18050391999999998
3.4849999999999994 -0.180015585
3.4899999999999998 -0.179526555
3.4949999999999997 -0.17903681999999999
3.4999999999999996 -0.17854638499999997
3.5049999999999994 -0.17805524999999997
3.51 -0.17756342
3.5149999999999997 -0.17707088499999998
3.5199999999999996 -0.17657765999999997
3.5249999999999995 -0.176083735
3.53 -0.175589115
3.5349999999999997 -0.1750938
3.5399999999999996 -0.174597795
3.5449999999999995 -0.17410109
3.55 -0.173603695
3.5549999999999997 -0.17310560999999997
3.5599999999999996 -0.17260683
3.5649999999999995 -0.17210736
3.57 -0.1716072
3.5749999999999997 -0.17110635
3.5799999999999996 -0.17060480999999997
3.5849999999999995 -0.17010258
3.59 -0.16959966499999998
3.5949999999999998 -0.169096065
3.5999999999999996 -0.16859177499999997
3.6049999999999995 -0.16808679999999998
3.61 -0.16758114
3.6149999999999998 -0.167074795
3.6199999999999997 -0.16656776
3.6249999999999996 -0.16606005
3.63 -0.16555165
3.635 -0.16504257
3.6399999999999997 -0.164532805
3.6449999999999996 -0.16402236
3.65 -0.16351123499999998
3.655 -0.162999425
3.6599999999999997 -0.16248694
3.6649999999999996 -0.16197377
3.67 -0.161459925
3.675 -0.160945395
3.6799999999999997 -0.16043018999999997
3.6849999999999996 -0.159914305
3.69 -0.15939774499999998
3.695 -0.158880505
3.6999999999999997 -0.15836258499999997
3.7049999999999996 -0.157843995
3.71 -0.15732472
3.715 -0.156804775
3.7199999999999998 -0.15628414999999998
3.7249999999999996 -0.155762855
3.73 -0.15524088
3.735 -0.15471823
3.7399999999999998 -0.15419491
3.7449999999999997 -0.15367091
3.75 -0.15314624
3.755 -0.15262089499999998
3.76 -0.152094875
3.7649999999999997 -0.151568185
3.77 -0.15104082
3.775 -0.15051277999999998
3.78 -0.14998407
3.7849999999999997 -0.14945468999999997
3.79 -0.148924635
3.795 -0.14839391
3.8 -0.14786251
3.8049999999999997 -0.14733044
3.81 -0.146797695
3.815 -0.146264285
3.82 -0.1457302
3.8249999999999997 -0.145195445
3.83 -0.14466002
3.835 -0.14412392
3.84 -0.143587155
3.8449999999999998 -0.143049715
3.85 -0.14251160499999999
3.855 -0.141972825
3.86 -0.141433375
3.8649999999999998 -0.140893255
3.87 -0.14035246499999998
3.875 -0.139811005
3.88 -0.139268875
3.885 -0.13872607
3.89 -0.1381826
3.895 -0.13763846
3.9 -0.137093645
3.905 -0.136548165
3.91 -0.136002015
3.915 -0.13545519
3.92 -0.134907695
3.925 -0.134359535
3.93 -0.1338107
3.935 -0.133261195
3.94 -0.13271101999999999
3.945 -0.132160175
3.95 -0.131608655
3.955 -0.13105646999999998
3.96 -0.13050361
3.965 -0.12995008
3.97 -0.129395875
3.975 -0.128841005
3.98 -0.12828546
3.985 -0.12772924
3.99 -0.127172355
3.995 -0.12661478999999998
4.0 -0.12605655999999998
4.005 -0.12549765
4.01 -0.12493806999999998
4.015 -0.12437781999999999
4.02 -0.12381689499999998
4.025 -0.12325529499999999
4.03 -0.12269301999999999
4.035 -0.12213007499999999
4.04 -0.121566455
4.045 -0.121002155
4.05 -0.12043718499999999
4.055 -0.11987154
4.06 -0.11930521499999999
4.0649999999999995 -0.11873821999999999
4.069999999999999 -0.118170545
4.074999999999999 -0.11760219499999999
4.079999999999999 -0.117033165
4.084999999999999 -0.11646345999999999
4.09 -0.11589308
4.095 -0.11532202
4.1 -0.11475028
4.1049999999999995 -0.11417785999999999
4.109999999999999 -0.11360476499999998
4.114999999999999 -0.113030985
4.119999999999999 -0.11245652999999999
4.124999999999999 -0.111881395
4.13 -0.111305575
4.135 -0.110729075
4.14 -0.11015189499999999
4.145 -0.10957402999999999
4.1499999999999995 -0.10899548499999999
4.154999999999999 -0.108416255
4.159999999999999 -0.10783634
4.164999999999999 -0.10725574499999999
4.17 -0.10667446
4.175 -0.10609248999999998
4.18 -0.10550984
4.185 -0.10492649999999999
4.1899999999999995 -0.10434247
4.194999999999999 -0.10375775999999999
4.199999999999999 -0.10317235500000001
4.204999999999999 -0.102586265
4.21 -0.101999485
4.215 -0.101412015
4.22 -0.100823855
4.225 -0.10023500499999999
4.2299999999999995 -0.09964545999999999
4.234999999999999 -0.099055225
4.239999999999999 -0.098464295
4.244999999999999 -0.09787267499999999
4.25 -0.09728036
4.255 -0.09668734999999999
4.26 -0.09609364
4.265 -0.09549923999999999
4.27 -0.09490414
4.2749999999999995 -0.09430834
4.279999999999999 -0.09371184499999999
4.284999999999999 -0.09311465
4.29 -0.09251676
4.295 -0.091918165
4.3 -0.091318865
4.305 -0.09071887000000001
4.31 -0.090118165
4.3149999999999995 -0.089516765
4.319999999999999 -0.08891465499999998
4.324999999999999 -0.08831184
4.33 -0.08770831999999999
4.335 -0.08710409499999999
4.34 -0.08649916
4.345 -0.08589351499999999
4.35 -0.085287165
4.3549999999999995 -0.0846801
4.359999999999999 -0.08407233
4.364999999999999 -0.083463845
4.37 -0.082854645
4.375 -0.08224473499999999
4.38 -0.08163411
4.385 -0.08102277
4.39 -0.08041071
4.395 -0.079797935
4.3999999999999995 -0.07918444499999999
4.404999999999999 -0.07857023499999999
4.41 -0.07795529999999999
4.415 -0.07733965
4.42 -0.076723275
4.425 -0.076106175
4.43 -0.075488355
4.435 -0.07486981
4.4399999999999995 -0.07425054
4.444999999999999 -0.07363054
4.45 -0.073009815
4.455 -0.07238836
4.46 -0.071766175
4.465 -0.07114326
4.47 -0.07051961
4.475 -0.06989523
4.4799999999999995 -0.069270115
4.484999999999999 -0.068644265
4.49 -0.06801768
4.495 -0.067390355
4.5 -0.066762295
4.505 -0.06613349
4.51 -0.06550394999999999
4.515 -0.064873665
4.52 -0.06424263999999999
4.5249999999999995 -0.06361086999999999
4.53 -0.06297834999999999
4.535 -0.06234509
4.54 -0.061711079999999995
4.545 -0.061076319999999996
4.55 -0.06044081
4.555 -0.05980455
4.56 -0.05916754
4.5649999999999995 -0.058529775
4.57 -0.057891254999999996
4.575 -0.057251975
4.58 -0.05661193999999999
4.585 -0.05597115
4.59 -0.0553296
4.595 -0.054687284999999995
4.6 -0.05404421
4.6049999999999995 -0.053400369999999996
4.61 -0.05275577
4.615 -0.0521104
4.62 -0.05146426
4.625 -0.050817355
4.63 -0.05016968
4.635 -0.049521233
4.64 -0.048872013
4.645 -0.048222019
4.65 -0.0475712495
4.655 -0.04691970299999999
4.66 -0.0462673785
4.665 -0.045614274499999996
4.67 -0.044960388999999996
4.675 -0.0443057215
4.68 -0.04365026999999999
4.685 -0.042994033499999994
4.6899999999999995 -0.0423370105
4.694999999999999 -0.04167919899999999
4.699999999999999 -0.041020598
4.704999999999999 -0.040361206499999996
4.709999999999999 -0.039701021999999996
4.715 -0.039040043999999996
4.72 -0.0383782705
4.725 -0.0377157
4.7299999999999995 -0.037052331
4.734999999999999 -0.036388162499999994
4.739999999999999 -0.035723192499999994
4.744999999999999 -0.0350574195
4.749999999999999 -0.034390842
4.755 -0.0337234585
4.76 -0.0330552675
4.765 -0.032386267499999996
4.77 -0.0317164565
4.7749999999999995 -0.031045833499999998
4.779999999999999 -0.030374397
4.784999999999999 -0.029702144999999996
4.789999999999999 -0.0290290755
4.795 -0.028355187999999996
4.8 -0.027680479999999997
4.805 -0.027004949999999996
4.81 -0.026328596999999995
4.8149999999999995 -0.0256514185
4.819999999999999 -0.0249734135
4.824999999999999 -0.024294579999999996
4.829999999999999 -0.023614916
4.835 -0.022934420499999997
4.84 -0.022253092
4.845 -0.021570928
4.85 -0.020887927
4.8549999999999995 -0.0202040875
4.859999999999999 -0.019519408
4.864999999999999 -0.018833886499999997
4.869999999999999 -0.018147521
4.875 -0.0174603105
4.88 -0.016772252499999998
4.885 -0.0160833455
4.89 -0.0153935875
4.895 -0.014702977499999999
4.8999999999999995 -0.014011513
4.904999999999999 -0.0133191925
4.909999999999999 -0.012626014
4.915 -0.011931975999999999
4.92 -0.011237076
4.925 -0.010541312999999998
4.93 -0.009844684999999999
4.935 -0.0091471895
4.9399999999999995 -0.0084488255
4.944999999999999 -0.007749591
4.949999999999999 -0.007049483499999999
4.955 -0.0063485015
4.96 -0.0056466434999999995
4.965 -0.0049439068999999995
4.97 -0.0042402902999999995
4.975 -0.00353579165
4.9799999999999995 -0.002830409
4.984999999999999 -0.00212414045
4.989999999999999 -0.00141698405
4.995 -0.0007089379
5.0 0.0
