0.2 0.0
0.1998 2.8357516e-05
0.1996 5.6679362e-05
0.1994 8.4965618e-05
0.1992 0.00011321636
0.199 0.00014143166600000002
0.1988 0.000169611612
0.1986 0.000197756276
0.1984 0.00022586574
0.1982 0.00025394006
0.198 0.00028197933999999996
0.1978 0.00030998364
0.1976 0.00033795302
0.1974 0.00036588758000000003
0.1972 0.0003937874
0.197 0.00042165252
0.1968 0.00044948304000000004
0.1966 0.00047727904
0.1964 0.00050504056
0.19619999999999999 0.0005327677
0.196 0.00056046052
0.1958 0.0005881191
0.1956 0.0006157435
0.1954 0.00064333382
0.19519999999999998 0.0006708901
0.195 0.00069841242
0.1948 0.00072590084
0.1946 0.0007533554599999999
0.1944 0.00078077632
0.19419999999999998 0.0008081635
0.194 0.00083551708
0.1938 0.00086283712
0.1936 0.00089012368
0.1934 0.00091737682
0.19319999999999998 0.0009445966400000001
0.193 0.0009717831999999999
0.1928 0.00099893654
0.1926 0.00102605674
0.1924 0.0010531438799999998
0.19219999999999998 0.0010801979999999999
0.192 0.0011072192
0.1918 0.00113420752
0.1916 0.0011611630200000001
0.1914 0.0011880858
0.19119999999999998 0.00121497588
0.191 0.00124183334
0.1908 0.00126865826
0.1906 0.0012954507
0.19039999999999999 0.0013222107000000001
0.19019999999999998 0.00134893834
0.19 0.00137563368
0.1898 0.0014022967799999998
0.1896 0.0014289277
0.18939999999999999 0.0014555265
0.18919999999999998 0.00148209324
0.189 0.0015086280000000001
0.1888 0.00153513082
0.1886 0.0015616017600000001
0.18839999999999998 0.00158804088
0.18819999999999998 0.00161444826
0.188 0.00164082392
0.1878 0.0016671679599999998
0.1876 0.00169348042
0.1874 0.00171976134
0.1872 0.0017460108
0.187 0.00177222886
0.18680000000000002 0.00179841556
0.18660000000000002 0.00182457098
0.1864 0.00185069514
0.1862 0.0018767881199999998
0.186 0.00190284998
0.18580000000000002 0.00192888076
0.18560000000000001 0.00195488052
0.1854 0.00198084932
0.1852 0.0020067872
0.185 0.0020326942
0.18480000000000002 0.0020585704
0.18460000000000001 0.002084416
0.1844 0.0021102308
0.1842 0.0021360147999999997
0.184 0.0021617684000000002
0.18380000000000002 0.0021874914
0.1836 0.002213184
0.1834 0.002238846
0.1832 0.0022644775999999998
0.183 0.002290079
0.18280000000000002 0.0023156502
0.1826 0.0023411910000000003
0.1824 0.0023667016
0.1822 0.002392182
0.182 0.0024176324
0.18180000000000002 0.0024430528
0.1816 0.0024684432
0.1814 0.0024938036
0.1812 0.002519134
0.181 0.0025444347999999998
0.18080000000000002 0.0025697056
0.1806 0.0025949466
0.1804 0.002620158
0.1802 0.0026453396000000002
0.18 0.0026704918
0.17980000000000002 0.0026956142
0.1796 0.0027207072
0.1794 0.0027457706
0.1792 0.0027708046
0.179 0.0027958092
0.17880000000000001 0.0028207844
0.1786 0.0028457304
0.1784 0.002870647
0.1782 0.0028955344
0.178 0.0029203926
0.1778 0.0029452216
0.1776 0.0029700216
0.1774 0.0029947924
0.1772 0.0030195342
0.177 0.003044247
0.1768 0.003068931
0.1766 0.0030935859999999997
0.1764 0.003118212
0.1762 0.0031428093999999996
0.176 0.0031673778
0.1758 0.0031919174
0.1756 0.0032164284
0.1754 0.0032409108
0.1752 0.0032653644000000003
0.175 0.0032897893999999997
0.1748 0.0033141858
0.1746 0.0033385538
0.1744 0.0033628932
0.1742 0.003387204
0.174 0.0034114866000000002
0.1738 0.0034357406
0.1736 0.0034599664000000002
0.1734 0.0034841638
0.1732 0.0035083327999999997
0.173 0.0035324736
0.1728 0.0035565861999999997
0.1726 0.0035806706
0.1724 0.0036047266
0.1722 0.0036287548000000004
0.172 0.0036527546
0.1718 0.0036767266
0.1716 0.0037006704000000002
0.1714 0.0037245859999999998
0.1712 0.0037484738
0.17099999999999999 0.0037723336000000003
0.1708 0.0037961656000000004
0.1706 0.0038199695999999997
0.1704 0.0038437456
0.1702 0.003867494
0.16999999999999998 0.0038912144
0.1698 0.0039149070000000005
0.1696 0.0039385718
0.1694 0.0039622089999999995
0.1692 0.0039858184
0.16899999999999998 0.0040094002
0.1688 0.0040329542
0.1686 0.0040564806000000005
0.1684 0.0040799794
0.1682 0.0041034506
0.16799999999999998 0.0041268942
0.1678 0.0041503104
0.1676 0.0041736988
0.1674 0.00419706
0.1672 0.0042203936
0.16699999999999998 0.004243699599999999
0.1668 0.0042669784
0.1666 0.0042902298
0.1664 0.0043134536
0.1662 0.0043366502
0.16599999999999998 0.0043598194
0.1658 0.0043829611999999995
0.1656 0.0044060758
0.1654 0.004429163
0.16519999999999999 0.004452223
0.16499999999999998 0.0044752557999999994
0.1648 0.0044982612
0.1646 0.0045212394
0.1644 0.004544190599999999
0.16419999999999998 0.0045671144
0.16399999999999998 0.0045900112
0.1638 0.0046128808
0.1636 0.0046357232
0.1634 0.0046585384
0.16319999999999998 0.0046813266
0.16299999999999998 0.0047040878
0.1628 0.0047268218
0.1626 0.0047495288
0.16240000000000002 0.004772208599999999
0.1622 0.0047948616
0.162 0.0048174874
0.1618 0.0048400862000000005
0.16160000000000002 0.0048626582
0.16140000000000002 0.004885202999999999
0.1612 0.004907720799999999
0.161 0.0049302118
0.1608 0.0049526757999999995
0.16060000000000002 0.0049751128
0.16040000000000001 0.004997522799999999
0.1602 0.005019905999999999
0.16 0.0050422624
0.1598 0.0050645916
0.15960000000000002 0.0050868942
0.15940000000000001 0.0051091695999999995
0.1592 0.0051314184
0.159 0.0051536402
0.1588 0.005175835
0.15860000000000002 0.005198003200000001
0.1584 0.0052201444
0.1582 0.0052422588
0.158 0.0052643462000000005
0.1578 0.005286407
0.15760000000000002 0.0053084408
0.1574 0.005330447800000001
0.1572 0.005352428
0.157 0.0053743814
0.1568 0.0053963078
0.15660000000000002 0.005418207600000001
0.1564 0.0054400806
0.1562 0.0054619266
0.156 0.0054837458
0.1558 0.0055055384
0.15560000000000002 0.005527304
0.1554 0.0055490428
0.1552 0.005570755
0.155 0.0055924402
0.1548 0.0056140986
0.15460000000000002 0.0056357301999999995
0.1544 0.005657335
0.1542 0.005678913
0.154 0.0057004642
0.1538 0.0057219886
0.15360000000000001 0.0057434862
0.1534 0.0057649568
0.1532 0.0057864008
0.153 0.0058078178
0.1528 0.005829208000000001
0.1526 0.0058505714
0.1524 0.0058719078
0.1522 0.0058932176
0.152 0.0059145004
0.1518 0.0059357564000000005
0.1516 0.0059569854
0.1514 0.0059781876
0.1512 0.0059993628
0.151 0.0060205112
0.1508 0.0060416328
0.1506 0.0060627274000000005
0.1504 0.006083795
0.1502 0.0061048358
0.15 0.0061258496
0.1498 0.006146836399999999
0.1496 0.0061677964
0.1494 0.0061887292000000005
0.1492 0.0062096352
0.149 0.0062305142
0.1488 0.0062513659999999995
0.1486 0.006272191000000001
0.1484 0.0062929888000000005
0.1482 0.006313759800000001
0.148 0.006334503399999999
0.1478 0.0063552202
0.1476 0.0063759098
0.1474 0.006396572200000001
0.1472 0.0064172076
0.147 0.006437815800000001
0.14679999999999999 0.006458397
0.1466 0.006478950799999999
0.1464 0.0064994776
0.1462 0.006519977000000001
0.146 0.0065404493999999995
0.14579999999999999 0.0065608944
0.1456 0.0065813122
0.1454 0.0066017028
0.1452 0.006622066
0.145 0.006642402
0.14479999999999998 0.006662710400000001
0.1446 0.0066829918
0.1444 0.0067032456
0.1442 0.0067234719999999994
0.144 0.006743671
0.14379999999999998 0.0067638426
0.1436 0.0067839866
0.1434 0.0068041032
0.1432 0.0068241924
0.143 0.006844253999999999
0.14279999999999998 0.0068642880000000005
0.1426 0.0068842944
0.1424 0.0069042732
0.1422 0.0069242244
0.142 0.0069441478
0.14179999999999998 0.0069640436
0.1416 0.006983911800000001
0.1414 0.007003752
0.1412 0.0070235646
0.141 0.0070433494
0.14079999999999998 0.0070631064
0.1406 0.007082835399999999
0.1404 0.007102536800000001
0.1402 0.0071222099999999995
0.13999999999999999 0.007141855399999999
0.13979999999999998 0.007161472800000001
0.1396 0.0071810622
0.1394 0.0072006234
0.1392 0.0072201567999999995
0.13899999999999998 0.007239661999999999
0.13879999999999998 0.007259139
0.1386 0.0072785878
0.1384 0.0072980084
0.1382 0.007317400999999999
0.13799999999999998 0.007336765
0.13779999999999998 0.0073561009999999994
0.1376 0.0073754084
0.13740000000000002 0.0073946876
0.13720000000000002 0.0074139384
0.137 0.0074331606
0.1368 0.0074523544
0.1366 0.0074715198
0.13640000000000002 0.007490656599999999
0.13620000000000002 0.007509764600000001
0.136 0.0075288442
0.1358 0.007547895000000001
0.1356 0.0075669172
0.13540000000000002 0.0075859106
0.13520000000000001 0.0076048752
0.135 0.0076238108
0.1348 0.0076427178
0.1346 0.0076615958
0.13440000000000002 0.0076804448
0.1342 0.007699264799999999
0.134 0.0077180558
0.1338 0.007736817599999999
0.1336 0.0077555504
0.13340000000000002 0.0077742539999999995
0.1332 0.0077929284
0.133 0.007811573400000001
0.1328 0.0078301892
0.1326 0.0078487756
0.13240000000000002 0.0078673328
0.1322 0.0078858604
0.132 0.0079043584
0.1318 0.007922827
0.1316 0.007941265999999999
0.13140000000000002 0.0079596752
0.1312 0.007978055000000001
0.131 0.007996404799999999
0.1308 0.008014725
0.1306 0.0080330152
0.13040000000000002 0.008051275600000001
0.1302 0.0080695062
0.13 0.0080877066
0.1298 0.008105877000000001
0.1296 0.0081240174
0.12940000000000002 0.0081421276
0.1292 0.0081602076
0.129 0.0081782574
0.1288 0.008196276800000001
0.1286 0.008214265799999999
0.12840000000000001 0.0082322246
0.1282 0.0082501528
0.128 0.008268050400000001
0.1278 0.008285917399999999
0.1276 0.008303753799999999
0.1274 0.0083215596
0.1272 0.0083393346
0.127 0.008357078799999999
0.1268 0.008374792
0.1266 0.008392474399999999
0.1264 0.0084101256
0.1262 0.008427746
0.126 0.008445335
0.1258 0.008462893
0.1256 0.0084804198
0.1254 0.008497915200000001
0.1252 0.0085153794
0.125 0.008532811999999999
0.1248 0.0085502132
0.1246 0.0085675828
0.1244 0.0085849208
0.1242 0.008602227
0.124 0.0086195016
0.1238 0.0086367444
0.1236 0.0086539552
0.1234 0.0086711342
0.1232 0.008688281
0.123 0.0087053958
0.12279999999999999 0.0087224784
0.1226 0.008739529
0.1224 0.008756547
0.1222 0.0087735328
0.122 0.0087904862
0.12179999999999999 0.008807407
0.1216 0.0088242952
0.1214 0.008841151
0.1212 0.0088579738
0.121 0.008874764
0.12079999999999999 0.008891521199999999
0.1206 0.0089082456
0.1204 0.0089249368
0.1202 0.008941595
0.12 0.0089582202
0.11979999999999999 0.008974812
0.1196 0.0089913704
0.11939999999999999 0.0090078956
0.1192 0.009024387200000001
0.119 0.0090408454
0.11879999999999999 0.0090572698
0.1186 0.0090736606
0.11839999999999999 0.0090900176
0.1182 0.0091063408
0.118 0.00912263
0.11779999999999999 0.0091388852
0.1176 0.0091551064
0.11739999999999999 0.0091712932
0.1172 0.009187445800000001
0.11699999999999999 0.0092035642
0.11679999999999999 0.009219648
0.1166 0.0092356974
0.11639999999999999 0.0092517122
0.1162 0.0092676922
0.11599999999999999 0.0092836374
0.11579999999999999 0.009299548000000001
0.1156 0.0093154234
0.11539999999999999 0.0093312638
0.1152 0.009347069199999999
0.11499999999999999 0.0093628394
0.11479999999999999 0.0093785742
0.1146 0.0093942736
0.11439999999999999 0.0094099376
0.1142 0.009425566
0.11399999999999999 0.0094411588
0.11379999999999998 0.0094567158
0.11359999999999999 0.009472237
0.11339999999999999 0.009487722399999999
0.1132 0.0095031716
0.11299999999999999 0.009518584600000001
0.11279999999999998 0.0095339616
0.11259999999999999 0.0095493022
0.11240000000000001 0.0095646064
0.11220000000000001 0.009579874200000001
0.11200000000000002 0.009595105199999999
0.11180000000000001 0.0096102998
0.1116 0.009625457399999999
0.11140000000000001 0.0096405782
0.11120000000000001 0.009655661999999999
0.11100000000000002 0.0096707088
0.11080000000000001 0.0096857182
0.1106 0.0097006906
0.11040000000000001 0.0097156254
0.1102 0.009730522799999999
0.11000000000000001 0.0097453826
0.10980000000000001 0.0097602048
0.1096 0.0097749892
0.10940000000000001 0.0097897356
0.1092 0.0098044442
0.10900000000000001 0.009819114399999999
0.10880000000000001 0.0098337466
0.1086 0.0098483406
0.10840000000000001 0.009862896
0.1082 0.009877413
0.10800000000000001 0.009891891199999999
0.1078 0.0099063308
0.1076 0.0099207314
0.10740000000000001 0.0099350932
0.1072 0.009949415999999999
0.10700000000000001 0.009963699400000001
0.1068 0.0099779436
0.1066 0.0099921486
0.10640000000000001 0.0100063138
0.1062 0.0100204396
0.10600000000000001 0.0100345256
0.1058 0.0100485716
0.1056 0.0100625778
0.10540000000000001 0.0100765438
0.1052 0.0100904698
0.10500000000000001 0.0101043552
0.1048 0.010118200400000001
0.1046 0.010132005
0.1044 0.010145769
0.1042 0.010159492000000001
0.10400000000000001 0.0101731742
0.1038 0.0101868154
0.1036 0.0102004156
0.1034 0.0102139744
0.1032 0.0102274918
0.10300000000000001 0.010240967600000001
0.1028 0.010254402
0.1026 0.010267794399999999
0.1024 0.010281145
0.1022 0.0102944536
0.10200000000000001 0.0103077202
0.1018 0.0103209444
0.1016 0.0103341262
0.1014 0.0103472654
0.1012 0.0103603622
0.101 0.010373416
0.1008 0.010386427
0.1006 0.010399395
0.1004 0.0104123198
0.1002 0.010425201200000001
0.1 0.0104380394
0.0998 0.0104508338
0.0996 0.0104635846
0.0994 0.0104762916
0.0992 0.0104889546
0.099 0.0105015736
0.0988 0.0105141482
0.0986 0.0105266786
0.0984 0.0105391644
0.0982 0.0105516054
0.098 0.0105640018
0.0978 0.0105763532
0.09759999999999999 0.0105886596
0.0974 0.010600920599999999
0.0972 0.0106131364
0.097 0.010625306800000001
0.0968 0.0106374314
0.09659999999999999 0.0106495102
0.0964 0.010661542999999999
0.0962 0.01067353
0.096 0.0106854706
0.0958 0.010697364800000001
0.09559999999999999 0.0107092124
0.0954 0.010721013599999999
0.09519999999999999 0.0107327678
0.095 0.010744475
0.0948 0.0107561352
0.09459999999999999 0.010767748
0.0944 0.0107793134
0.09419999999999999 0.0107908314
0.094 0.0108023016
0.0938 0.0108137238
0.0936 0.010825098
0.09340000000000001 0.010836424
0.0932 0.010847701599999999
0.093 0.0108589308
0.09280000000000001 0.0108701114
0.0926 0.010881243
0.09240000000000001 0.010892325599999999
0.0922 0.0109033592
0.092 0.0109143434
0.0918 0.010925278200000001
0.0916 0.0109361632
0.09140000000000001 0.0109469986
0.0912 0.010957783799999999
0.091 0.010968519
0.0908 0.010979204
0.0906 0.0109898384
0.09040000000000001 0.0110004222
0.0902 0.0110109552
0.09 0.011021437200000001
0.0898 0.0110318682
0.0896 0.011042247600000001
0.08940000000000001 0.0110525758
0.0892 0.0110628522
0.089 0.0110730768
0.0888 0.0110832494
0.0886 0.0110933696
0.0884 0.0111034376
0.0882 0.0111134532
0.088 0.011123416
0.0878 0.0111333258
0.0876 0.011143182599999999
0.0874 0.011152986
0.0872 0.011162736199999999
0.087 0.0111724326
0.0868 0.011182075199999999
0.0866 0.0111916638
0.0864 0.0112011982
0.0862 0.0112106784
0.086 0.011220104
0.0858 0.0112294746
0.0856 0.0112387906
0.0854 0.011248051200000001
0.0852 0.0112572568
0.08499999999999999 0.011266406599999999
0.0848 0.011275500800000001
0.0846 0.0112845392
0.0844 0.011293521400000001
0.0842 0.0113024474
0.08399999999999999 0.0113113168
0.0838 0.011320129600000001
0.0836 0.011328885399999999
0.0834 0.0113375844
0.0832 0.0113462258
0.08299999999999999 0.01135481
0.0828 0.0113633362
0.08259999999999999 0.0113718048
0.0824 0.0113802152
0.0822 0.0113885672
0.08199999999999999 0.0113968608
0.0818 0.0114050956
0.08159999999999999 0.0114132716
0.0814 0.0114213884
0.08120000000000001 0.0114294458
0.081 0.011437443799999999
0.08080000000000001 0.0114453818
0.0806 0.01145326
0.0804 0.0114610778
0.08020000000000001 0.0114688354
0.08 0.0114765322
0.07980000000000001 0.0114841682
0.0796 0.0114917432
0.0794 0.0114992568
0.0792 0.0115067088
0.079 0.011514099199999999
0.07880000000000001 0.011521427400000001
0.0786 0.0115286936
0.0784 0.0115358974
0.0782 0.0115430384
0.078 0.0115501166
0.07780000000000001 0.0115571318
0.0776 0.0115640836
0.0774 0.0115709716
0.0772 0.011577796
0.077 0.0115845564
0.07680000000000001 0.0115912524
0.0766 0.0115978838
0.0764 0.0116044506
0.0762 0.0116109522
0.076 0.0116173888
0.0758 0.0116237596
0.0756 0.011630065
0.0754 0.0116363042
0.0752 0.0116424772
0.075 0.011648583799999999
0.0748 0.0116546236
0.0746 0.0116605966
0.0744 0.0116665022
0.0742 0.0116723404
0.074 0.011678110799999999
0.0738 0.0116838132
0.0736 0.0116894474
0.07339999999999999 0.011695013
0.0732 0.01170051
0.073 0.0117059378
0.0728 0.0117112964
0.0726 0.0117165856
0.07239999999999999 0.011721804800000001
0.0722 0.0117269538
0.072 0.011732032600000001
0.0718 0.0117370406
0.0716 0.011741977800000001
0.07139999999999999 0.011746844
0.0712 0.0117516384
0.071 0.0117563614
0.0708 0.0117610122
0.0706 0.0117655908
0.07039999999999999 0.011770096800000001
0.0702 0.011774529799999999
0.06999999999999999 0.011778889800000001
0.0698 0.011783176400000001
0.0696 0.0117873892
0.06939999999999999 0.0117915282
0.0692 0.0117955926
0.06899999999999999 0.0117995826
0.0688 0.0118034978
0.06860000000000001 0.011807337800000001
0.0684 0.0118111022
0.06820000000000001 0.011814790799999999
0.068 0.011818403600000001
0.0678 0.0118219398
0.06760000000000001 0.0118253994
0.0674 0.011828782
0.06720000000000001 0.011832087199999999
0.067 0.011835315
0.0668 0.0118384648
0.0666 0.011841536199999999
0.0664 0.011844529199999999
0.06620000000000001 0.011847443400000001
0.066 0.0118502784
0.0658 0.0118530338
0.0656 0.0118557096
0.0654 0.011858305
0.06520000000000001 0.01186082
0.065 0.0118632542
0.0648 0.0118656074
0.0646 0.011867879000000001
0.0644 0.0118700688
0.06420000000000001 0.011872176600000001
0.064 0.011874201800000001
0.0638 0.011876144
0.0636 0.0118780034
0.0634 0.011879779
0.0632 0.011881471000000001
0.063 0.0118830786
0.0628 0.0118846018
0.0626 0.01188604
0.0624 0.0118873928
0.0622 0.0118886602
0.062 0.011889841600000001
0.0618 0.0118909366
0.0616 0.0118919448
0.061399999999999996 0.011892866
0.0612 0.011893699800000001
0.061 0.0118944458
0.0608 0.011895103399999999
0.0606 0.0118956726
0.060399999999999995 0.0118961528
0.0602 0.011896543800000001
0.06 0.011896845
0.0598 0.011897056
0.0596 0.0118971766
0.059399999999999994 0.0118972062
0.059199999999999996 0.0118971446
0.059 0.0118969914
0.0588 0.011896746199999999
0.0586 0.0118964082
0.058399999999999994 0.0118959776
0.058199999999999995 0.0118954536
0.057999999999999996 0.011894836
0.0578 0.0118941242
0.0576 0.0118933178
0.05739999999999999 0.0118924164
0.057199999999999994 0.0118914198
0.056999999999999995 0.011890327400000001
0.056799999999999996 0.0118891386
0.0566 0.0118878532
0.05639999999999999 0.0118864708
0.05620000000000001 0.0118849908
0.05600000000000001 0.011883412999999999
0.0558 0.0118817366
0.055600000000000004 0.0118799614
0.055400000000000005 0.0118780868
0.055200000000000006 0.011876112599999999
0.05500000000000001 0.011874038
0.0548 0.0118718628
0.0546 0.011869586599999999
0.054400000000000004 0.0118672086
0.054200000000000005 0.0118647286
0.054000000000000006 0.011862146
0.0538 0.0118594604
0.0536 0.011856671400000001
0.0534 0.0118537782
0.053200000000000004 0.0118507806
0.053000000000000005 0.0118476782
0.0528 0.0118444702
0.0526 0.0118411562
0.0524 0.0118377358
0.0522 0.0118342084
0.052000000000000005 0.011830573399999999
0.0518 0.011826830600000001
0.0516 0.0118229792
0.0514 0.0118190188
0.0512 0.011814948799999999
0.051000000000000004 0.0118107686
0.0508 0.011806477999999999
0.0506 0.011802076
0.0504 0.0117975624
0.0502 0.0117929366
0.05 0.0117881978
0.0498 0.011783345800000001
0.0496 0.011778379799999999
0.0494 0.0117732994
0.0492 0.011768104
0.049 0.011762792800000001
0.048799999999999996 0.0117573654
0.0486 0.0117518212
0.0484 0.0117461596
0.0482 0.01174038
0.048 0.0117344818
0.047799999999999995 0.0117284644
0.047599999999999996 0.0117223272
0.0474 0.0117160696
0.0472 0.011709691
0.047 0.0117031908
0.0468 0.0116965682
0.0466 0.0116898226
0.046400000000000004 0.0116829534
0.046200000000000005 0.0116759602
0.046 0.0116688418
0.0458 0.011661598200000001
0.0456 0.0116542282
0.0454 0.0116467312
0.045200000000000004 0.0116391068
0.045 0.011631354
0.0448 0.0116234724
0.0446 0.0116154612
0.0444 0.0116073196
0.0442 0.011599047
0.044 0.0115906424
0.0438 0.0115821056
0.0436 0.0115734354
0.0434 0.0115646312
0.0432 0.011555692400000001
0.043 0.011546618
0.0428 0.0115374076
0.0426 0.01152806
0.0424 0.011518574600000001
0.0422 0.011508950799999999
0.041999999999999996 0.0114991876
0.0418 0.0114892842
0.0416 0.01147924
0.0414 0.0114690538
0.0412 0.0114587252
0.040999999999999995 0.011448253
0.040799999999999996 0.011437636800000001
0.040600000000000004 0.0114268752
0.040400000000000005 0.0114159678
0.0402 0.0114049134
0.04 0.011393711400000001
0.0398 0.011382360800000001
0.0396 0.011370860600000001
0.039400000000000004 0.01135921
0.0392 0.0113474082
0.039 0.011335454
0.0388 0.0113233466
0.0386 0.0113110852
0.038400000000000004 0.0112986686
0.0382 0.011286095999999999
0.038 0.0112733662
0.0378 0.0112604786
0.0376 0.0112474318
0.0374 0.011234225
0.0372 0.011220856999999999
0.037 0.011207327
0.0368 0.0111936338
0.0366 0.011179776399999999
0.0364 0.0111657536
0.036199999999999996 0.0111515644
0.036 0.0111372078
0.0358 0.0111226826
0.0356 0.011107987599999999
0.0354 0.0110931218
0.035199999999999995 0.011078083800000001
0.034999999999999996 0.0110628728
0.0348 0.011047487200000001
0.0346 0.011031926000000001
0.0344 0.0110161882
0.0342 0.0110002722
0.034 0.0109841768
0.033800000000000004 0.010967900999999999
0.033600000000000005 0.0109514434
0.0334 0.0109348024
0.0332 0.0109179772
0.033 0.010900966
0.0328 0.0108837678
0.032600000000000004 0.010866381
0.0324 0.0108488044
0.0322 0.0108310362
0.032 0.0108130756
0.0318 0.0107949206
0.0316 0.010776570000000001
0.0314 0.0107580222
0.0312 0.0107392758
0.031 0.010720329
0.0308 0.0107011806
0.0306 0.0106818288
0.0304 0.0106622722
0.030199999999999998 0.010642509
0.03 0.0106225374
0.0298 0.010602356
0.029599999999999998 0.010581963
0.0294 0.0105613566
0.029199999999999997 0.0105405352
0.028999999999999998 0.010519497
0.0288 0.01049824
0.028599999999999997 0.0104767624
0.028399999999999998 0.010455062599999999
0.028199999999999996 0.0104331384
0.028000000000000004 0.010410988
0.027800000000000002 0.0103886094
0.027600000000000003 0.0103660006
0.0274 0.0103431596
0.027200000000000002 0.0103200842
0.027000000000000003 0.0102967726
0.0268 0.0102732222
0.026600000000000002 0.0102494314
0.0264 0.0102253976
0.0262 0.0102011186
0.026000000000000002 0.010176592199999999
0.0258 0.010151816
0.0256 0.0101267878
0.0254 0.0101015048
0.0252 0.010075965000000001
0.025 0.0100501654
0.0248 0.010024104
0.0246 0.0099977778
0.024399999999999998 0.0099711842
0.0242 0.0099443204
0.024 0.009917183999999999
0.023799999999999998 0.009889772
0.0236 0.0098620814
0.0234 0.0098341096
0.023200000000000002 0.0098058532
0.023 0.0097773094
0.0228 0.009748475
0.022600000000000002 0.009719347
0.0224 0.009689922
0.0222 0.0096601968
0.022 0.0096301678
0.0218 0.0095998318
0.0216 0.0095691852
0.0214 0.0095382242
0.0212 0.0095069454
0.020999999999999998 0.009475345
0.0208 0.009443419
0.0206 0.0094111634
0.020399999999999998 0.0093785744
0.020200000000000003 0.0093456476
0.02 0.009312378999999999
0.0198 0.009278764200000001
0.0196 0.0092447986
0.0194 0.009210478
0.019200000000000002 0.009175797400000001
0.019 0.009140752200000001
0.0188 0.0091053374
0.0186 0.009069548
0.0184 0.0090333788
0.0182 0.0089968248
0.018 0.0089598802
0.0178 0.0089225396
0.017599999999999998 0.008884797199999999
0.0174 0.0088466472
0.0172 0.0088080834
0.017 0.0087690996
0.016800000000000002 0.0087296896
0.0166 0.008689846599999999
0.0164 0.0086495638
0.0162 0.0086088344
0.016 0.008567650999999999
0.0158 0.0085260062
0.0156 0.0084838926
0.0154 0.008441302000000001
0.0152 0.0083982264
0.015 0.0083546574
0.014799999999999999 0.008310586200000001
0.014599999999999998 0.008266004
0.0144 0.0082209014
0.014199999999999999 0.008175269
0.014000000000000002 0.0081290966
0.013800000000000002 0.0080823742
0.013600000000000001 0.008035091
0.0134 0.007987236
0.0132 0.0079387978
0.013000000000000001 0.0078897646
0.0128 0.007840124
0.0126 0.007789863199999999
0.0124 0.007738969
0.012199999999999999 0.0076874276
0.012 0.0076352246
0.0118 0.007582345
0.011600000000000001 0.0075287732
0.0114 0.0074744930000000005
0.0112 0.0074194872
0.011 0.0073637384
0.0108 0.007307228000000001
0.0106 0.0072499363999999995
0.0104 0.0071918434
0.010199999999999999 0.007132927999999999
0.01 0.007073167599999999
0.0098 0.0070125388
0.009600000000000001 0.0069510171999999995
0.0094 0.0068885766
0.0092 0.00682519
0.009 0.0067608286
0.008799999999999999 0.0066954622
0.0086 0.0066290584
0.008400000000000001 0.0065615835999999995
0.0082 0.0064930018
0.008 0.006423274800000001
0.0078 0.006352362
0.0076 0.0062802204
0.0073999999999999995 0.0062068042
0.0072 0.0061320640000000004
0.007000000000000001 0.0060559474
0.0068000000000000005 0.0059783982
0.0066 0.005899356
0.0064 0.0058187558
0.0062 0.0057365274
0.006 0.0056525948
0.0058000000000000005 0.005566876199999999
0.0056 0.0054792821999999995
0.0054 0.0053897152
0.0052 0.0052980692
0.005 0.0052042272
0.0048000000000000004 0.0051080606
0.0046 0.0050094276
0.004399999999999999 0.0049081706
0.004200000000000001 0.0048041136
0.004 0.0046970598
0.0038 0.0045867874
0.0036 0.004473045
0.0034000000000000002 0.0043555456
0.0032 0.0042339598
0.003 0.0041079051999999994
0.0028 0.003976935
0.0026 0.0038405208000000003
0.0024000000000000002 0.0036980306
0.0021999999999999997 0.0035486972
0.002 0.0033915748000000003
0.0018 0.0032254742000000004
0.0016 0.003048864
0.0014 0.0028597168
0.0012000000000000001 0.0026552472
0.001 0.0024314458000000002
0.0008 0.002182159
0.0006000000000000001 0.00189702816
0.0004 0.00155585534
0.0002 0.00110649644
0.0 0.0
0.0002 -0.00110649644
0.0004 -0.00155585534
0.0006000000000000001 -0.00189702816
0.0008 -0.002182159
0.001 -0.0024314458000000002
0.0012000000000000001 -0.0026552472
0.0014 -0.0028597168
0.0016 -0.003048864
0.0018 -0.0032254742000000004
0.002 -0.0033915748000000003
0.0021999999999999997 -0.0035486972
0.0024000000000000002 -0.0036980306
0.0026 -0.0038405208000000003
0.0028 -0.003976935
0.003 -0.0041079051999999994
0.0032 -0.0042339598
0.0034000000000000002 -0.0043555456
0.0036 -0.004473045
0.0038 -0.0045867874
0.004 -0.0046970598
0.004200000000000001 -0.0048041136
0.004399999999999999 -0.0049081706
0.0046 -0.0050094276
0.0048000000000000004 -0.0051080606
0.005 -0.0052042272
0.0052 -0.0052980692
0.0054 -0.0053897152
0.0056 -0.0054792821999999995
0.0058000000000000005 -0.005566876199999999
0.006 -0.0056525948
0.0062 -0.0057365274
0.0064 -0.0058187558
0.0066 -0.005899356
0.0068000000000000005 -0.0059783982
0.007000000000000001 -0.0060559474
0.0072 -0.0061320640000000004
0.0073999999999999995 -0.0062068042
0.0076 -0.0062802204
0.0078 -0.006352362
0.008 -0.006423274800000001
0.0082 -0.0064930018
0.008400000000000001 -0.0065615835999999995
0.0086 -0.0066290584
0.008799999999999999 -0.0066954622
0.009 -0.0067608286
0.0092 -0.00682519
0.0094 -0.0068885766
0.009600000000000001 -0.0069510171999999995
0.0098 -0.0070125388
0.01 -0.007073167599999999
0.010199999999999999 -0.007132927999999999
0.0104 -0.0071918434
0.0106 -0.0072499363999999995
0.0108 -0.007307228000000001
0.011 -0.0073637384
0.0112 -0.0074194872
0.0114 -0.0074744930000000005
0.011600000000000001 -0.0075287732
0.0118 -0.007582345
0.012 -0.0076352246
0.012199999999999999 -0.0076874276
0.0124 -0.007738969
0.0126 -0.007789863199999999
0.0128 -0.007840124
0.013000000000000001 -0.0078897646
0.0132 -0.0079387978
0.0134 -0.007987236
0.013600000000000001 -0.008035091
0.013800000000000002 -0.0080823742
0.014000000000000002 -0.0081290966
0.014199999999999999 -0.008175269
0.0144 -0.0082209014
0.014599999999999998 -0.008266004
0.014799999999999999 -0.008310586200000001
0.015 -0.0083546574
0.0152 -0.0083982264
0.0154 -0.008441302000000001
0.0156 -0.0084838926
0.0158 -0.0085260062
0.016 -0.008567650999999999
0.0162 -0.0086088344
0.0164 -0.0086495638
0.0166 -0.008689846599999999
0.016800000000000002 -0.0087296896
0.017 -0.0087690996
0.0172 -0.0088080834
0.0174 -0.0088466472
0.017599999999999998 -0.008884797199999999
0.0178 -0.0089225396
0.018 -0.0089598802
0.0182 -0.0089968248
0.0184 -0.0090333788
0.0186 -0.009069548
0.0188 -0.0091053374
0.019 -0.009140752200000001
0.019200000000000002 -0.009175797400000001
0.0194 -0.009210478
0.0196 -0.0092447986
0.0198 -0.009278764200000001
0.02 -0.009312378999999999
0.020200000000000003 -0.0093456476
0.020399999999999998 -0.0093785744
0.0206 -0.0094111634
0.0208 -0.009443419
0.020999999999999998 -0.009475345
0.0212 -0.0095069454
0.0214 -0.0095382242
0.0216 -0.0095691852
0.0218 -0.0095998318
0.022 -0.0096301678
0.0222 -0.0096601968
0.0224 -0.009689922
0.022600000000000002 -0.009719347
0.0228 -0.009748475
0.023 -0.0097773094
0.023200000000000002 -0.0098058532
0.0234 -0.0098341096
0.0236 -0.0098620814
0.023799999999999998 -0.009889772
0.024 -0.009917183999999999
0.0242 -0.0099443204
0.024399999999999998 -0.0099711842
0.0246 -0.0099977778
0.0248 -0.010024104
0.025 -0.0100501654
0.0252 -0.010075965000000001
0.0254 -0.0101015048
0.0256 -0.0101267878
0.0258 -0.010151816
0.026000000000000002 -0.010176592199999999
0.0262 -0.0102011186
0.0264 -0.0102253976
0.026600000000000002 -0.0102494314
0.0268 -0.0102732222
0.027000000000000003 -0.0102967726
0.027200000000000002 -0.0103200842
0.0274 -0.0103431596
0.027600000000000003 -0.0103660006
0.027800000000000002 -0.0103886094
0.028000000000000004 -0.010410988
0.028199999999999996 -0.0104331384
0.028399999999999998 -0.010455062599999999
0.028599999999999997 -0.0104767624
0.0288 -0.01049824
0.028999999999999998 -0.010519497
0.029199999999999997 -0.0105405352
0.0294 -0.0105613566
0.029599999999999998 -0.010581963
0.0298 -0.010602356
0.03 -0.0106225374
0.030199999999999998 -0.010642509
0.0304 -0.0106622722
0.0306 -0.0106818288
0.0308 -0.0107011806
0.031 -0.010720329
0.0312 -0.0107392758
0.0314 -0.0107580222
0.0316 -0.010776570000000001
0.0318 -0.0107949206
0.032 -0.0108130756
0.0322 -0.0108310362
0.0324 -0.0108488044
0.032600000000000004 -0.010866381
0.0328 -0.0108837678
0.033 -0.010900966
0.0332 -0.0109179772
0.0334 -0.0109348024
0.033600000000000005 -0.0109514434
0.033800000000000004 -0.010967900999999999
0.034 -0.0109841768
0.0342 -0.0110002722
0.0344 -0.0110161882
0.0346 -0.011031926000000001
0.0348 -0.011047487200000001
0.034999999999999996 -0.0110628728
0.035199999999999995 -0.011078083800000001
0.0354 -0.0110931218
0.0356 -0.011107987599999999
0.0358 -0.0111226826
0.036 -0.0111372078
0.036199999999999996 -0.0111515644
0.0364 -0.0111657536
0.0366 -0.011179776399999999
0.0368 -0.0111936338
0.037 -0.011207327
0.0372 -0.011220856999999999
0.0374 -0.011234225
0.0376 -0.0112474318
0.0378 -0.0112604786
0.038 -0.0112733662
0.0382 -0.011286095999999999
0.038400000000000004 -0.0112986686
0.0386 -0.0113110852
0.0388 -0.0113233466
0.039 -0.011335454
0.0392 -0.0113474082
0.039400000000000004 -0.01135921
0.0396 -0.011370860600000001
0.0398 -0.011382360800000001
0.04 -0.011393711400000001
0.0402 -0.0114049134
0.040400000000000005 -0.0114159678
0.040600000000000004 -0.0114268752
0.040799999999999996 -0.011437636800000001
0.040999999999999995 -0.011448253
0.0412 -0.0114587252
0.0414 -0.0114690538
0.0416 -0.01147924
0.0418 -0.0114892842
0.041999999999999996 -0.0114991876
0.0422 -0.011508950799999999
0.0424 -0.011518574600000001
0.0426 -0.01152806
0.0428 -0.0115374076
0.043 -0.011546618
0.0432 -0.011555692400000001
0.0434 -0.0115646312
0.0436 -0.0115734354
0.0438 -0.0115821056
0.044 -0.0115906424
0.0442 -0.011599047
0.0444 -0.0116073196
0.0446 -0.0116154612
0.0448 -0.0116234724
0.045 -0.011631354
0.045200000000000004 -0.0116391068
0.0454 -0.0116467312
0.0456 -0.0116542282
0.0458 -0.011661598200000001
0.046 -0.0116688418
0.046200000000000005 -0.0116759602
0.046400000000000004 -0.0116829534
0.0466 -0.0116898226
0.0468 -0.0116965682
0.047 -0.0117031908
0.0472 -0.011709691
0.0474 -0.0117160696
0.047599999999999996 -0.0117223272
0.047799999999999995 -0.0117284644
0.048 -0.0117344818
0.0482 -0.01174038
0.0484 -0.0117461596
0.0486 -0.0117518212
0.048799999999999996 -0.0117573654
0.049 -0.011762792800000001
0.0492 -0.011768104
0.0494 -0.0117732994
0.0496 -0.011778379799999999
0.0498 -0.011783345800000001
0.05 -0.0117881978
0.0502 -0.0117929366
0.0504 -0.0117975624
0.0506 -0.011802076
0.0508 -0.011806477999999999
0.051000000000000004 -0.0118107686
0.0512 -0.011814948799999999
0.0514 -0.0118190188
0.0516 -0.0118229792
0.0518 -0.011826830600000001
0.052000000000000005 -0.011830573399999999
0.0522 -0.0118342084
0.0524 -0.0118377358
0.0526 -0.0118411562
0.0528 -0.0118444702
0.053000000000000005 -0.0118476782
0.053200000000000004 -0.0118507806
0.0534 -0.0118537782
0.0536 -0.011856671400000001
0.0538 -0.0118594604
0.054000000000000006 -0.011862146
0.054200000000000005 -0.0118647286
0.054400000000000004 -0.0118672086
0.0546 -0.011869586599999999
0.0548 -0.0118718628
0.05500000000000001 -0.011874038
0.055200000000000006 -0.011876112599999999
0.055400000000000005 -0.0118780868
0.055600000000000004 -0.0118799614
0.0558 -0.0118817366
0.05600000000000001 -0.011883412999999999
0.05620000000000001 -0.0118849908
0.05639999999999999 -0.0118864708
0.0566 -0.0118878532
0.056799999999999996 -0.0118891386
0.056999999999999995 -0.011890327400000001
0.057199999999999994 -0.0118914198
0.05739999999999999 -0.0118924164
0.0576 -0.0118933178
0.0578 -0.0118941242
0.057999999999999996 -0.011894836
0.058199999999999995 -0.0118954536
0.058399999999999994 -0.0118959776
0.0586 -0.0118964082
0.0588 -0.011896746199999999
0.059 -0.0118969914
0.059199999999999996 -0.0118971446
0.059399999999999994 -0.0118972062
0.0596 -0.0118971766
0.0598 -0.011897056
0.06 -0.011896845
0.0602 -0.011896543800000001
0.060399999999999995 -0.0118961528
0.0606 -0.0118956726
0.0608 -0.011895103399999999
0.061 -0.0118944458
0.0612 -0.011893699800000001
0.061399999999999996 -0.011892866
0.0616 -0.0118919448
0.0618 -0.0118909366
0.062 -0.011889841600000001
0.0622 -0.0118886602
0.0624 -0.0118873928
0.0626 -0.01188604
0.0628 -0.0118846018
0.063 -0.0118830786
0.0632 -0.011881471000000001
0.0634 -0.011879779
0.0636 -0.0118780034
0.0638 -0.011876144
0.064 -0.011874201800000001
0.06420000000000001 -0.011872176600000001
0.0644 -0.0118700688
0.0646 -0.011867879000000001
0.0648 -0.0118656074
0.065 -0.0118632542
0.06520000000000001 -0.01186082
0.0654 -0.011858305
0.0656 -0.0118557096
0.0658 -0.0118530338
0.066 -0.0118502784
0.06620000000000001 -0.011847443400000001
0.0664 -0.011844529199999999
0.0666 -0.011841536199999999
0.0668 -0.0118384648
0.067 -0.011835315
0.06720000000000001 -0.011832087199999999
0.0674 -0.011828782
0.06760000000000001 -0.0118253994
0.0678 -0.0118219398
0.068 -0.011818403600000001
0.06820000000000001 -0.011814790799999999
0.0684 -0.0118111022
0.06860000000000001 -0.011807337800000001
0.0688 -0.0118034978
0.06899999999999999 -0.0117995826
0.0692 -0.0117955926
0.06939999999999999 -0.0117915282
0.0696 -0.0117873892
0.0698 -0.011783176400000001
0.06999999999999999 -0.011778889800000001
0.0702 -0.011774529799999999
0.07039999999999999 -0.011770096800000001
0.0706 -0.0117655908
0.0708 -0.0117610122
0.071 -0.0117563614
0.0712 -0.0117516384
0.07139999999999999 -0.011746844
0.0716 -0.011741977800000001
0.0718 -0.0117370406
0.072 -0.011732032600000001
0.0722 -0.0117269538
0.07239999999999999 -0.011721804800000001
0.0726 -0.0117165856
0.0728 -0.0117112964
0.073 -0.0117059378
0.0732 -0.01170051
0.07339999999999999 -0.011695013
0.0736 -0.0116894474
0.0738 -0.0116838132
0.074 -0.011678110799999999
0.0742 -0.0116723404
0.0744 -0.0116665022
0.0746 -0.0116605966
0.0748 -0.0116546236
0.075 -0.011648583799999999
0.0752 -0.0116424772
0.0754 -0.0116363042
0.0756 -0.011630065
0.0758 -0.0116237596
0.076 -0.0116173888
0.0762 -0.0116109522
0.0764 -0.0116044506
0.0766 -0.0115978838
0.07680000000000001 -0.0115912524
0.077 -0.0115845564
0.0772 -0.011577796
0.0774 -0.0115709716
0.0776 -0.0115640836
0.07780000000000001 -0.0115571318
0.078 -0.0115501166
0.0782 -0.0115430384
0.0784 -0.0115358974
0.0786 -0.0115286936
0.07880000000000001 -0.011521427400000001
0.079 -0.011514099199999999
0.0792 -0.0115067088
0.0794 -0.0114992568
0.0796 -0.0114917432
0.07980000000000001 -0.0114841682
0.08 -0.0114765322
0.08020000000000001 -0.0114688354
0.0804 -0.0114610778
0.0806 -0.01145326
0.08080000000000001 -0.0114453818
0.081 -0.011437443799999999
0.08120000000000001 -0.0114294458
0.0814 -0.0114213884
0.08159999999999999 -0.0114132716
0.0818 -0.0114050956
0.08199999999999999 -0.0113968608
0.0822 -0.0113885672
0.0824 -0.0113802152
0.08259999999999999 -0.0113718048
0.0828 -0.0113633362
0.08299999999999999 -0.01135481
0.0832 -0.0113462258
0.0834 -0.0113375844
0.0836 -0.011328885399999999
0.0838 -0.011320129600000001
0.08399999999999999 -0.0113113168
0.0842 -0.0113024474
0.0844 -0.011293521400000001
0.0846 -0.0112845392
0.0848 -0.011275500800000001
0.08499999999999999 -0.011266406599999999
0.0852 -0.0112572568
0.0854 -0.011248051200000001
0.0856 -0.0112387906
0.0858 -0.0112294746
0.086 -0.011220104
0.0862 -0.0112106784
0.0864 -0.0112011982
0.0866 -0.0111916638
0.0868 -0.011182075199999999
0.087 -0.0111724326
0.0872 -0.011162736199999999
0.0874 -0.011152986
0.0876 -0.011143182599999999
0.0878 -0.0111333258
0.088 -0.011123416
0.0882 -0.0111134532
0.0884 -0.0111034376
0.0886 -0.0110933696
0.0888 -0.0110832494
0.089 -0.0110730768
0.0892 -0.0110628522
0.08940000000000001 -0.0110525758
0.0896 -0.011042247600000001
0.0898 -0.0110318682
0.09 -0.011021437200000001
0.0902 -0.0110109552
0.09040000000000001 -0.0110004222
0.0906 -0.0109898384
0.0908 -0.010979204
0.091 -0.010968519
0.0912 -0.010957783799999999
0.09140000000000001 -0.0109469986
0.0916 -0.0109361632
0.0918 -0.010925278200000001
0.092 -0.0109143434
0.0922 -0.0109033592
0.09240000000000001 -0.010892325599999999
0.0926 -0.010881243
0.09280000000000001 -0.0108701114
0.093 -0.0108589308
0.0932 -0.010847701599999999
0.09340000000000001 -0.010836424
0.0936 -0.010825098
0.0938 -0.0108137238
0.094 -0.0108023016
0.09419999999999999 -0.0107908314
0.0944 -0.0107793134
0.09459999999999999 -0.010767748
0.0948 -0.0107561352
0.095 -0.010744475
0.09519999999999999 -0.0107327678
0.0954 -0.010721013599999999
0.09559999999999999 -0.0107092124
0.0958 -0.010697364800000001
0.096 -0.0106854706
0.0962 -0.01067353
0.0964 -0.010661542999999999
0.09659999999999999 -0.0106495102
0.0968 -0.0106374314
0.097 -0.010625306800000001
0.0972 -0.0106131364
0.0974 -0.010600920599999999
0.09759999999999999 -0.0105886596
0.0978 -0.0105763532
0.098 -0.0105640018
0.0982 -0.0105516054
0.0984 -0.0105391644
0.0986 -0.0105266786
0.0988 -0.0105141482
0.099 -0.0105015736
0.0992 -0.0104889546
0.0994 -0.0104762916
0.0996 -0.0104635846
0.0998 -0.0104508338
0.1 -0.0104380394
0.1002 -0.010425201200000001
0.1004 -0.0104123198
0.1006 -0.010399395
0.1008 -0.010386427
0.101 -0.010373416
0.1012 -0.0103603622
0.1014 -0.0103472654
0.1016 -0.0103341262
0.1018 -0.0103209444
0.10200000000000001 -0.0103077202
0.1022 -0.0102944536
0.1024 -0.010281145
0.1026 -0.010267794399999999
0.1028 -0.010254402
0.10300000000000001 -0.010240967600000001
0.1032 -0.0102274918
0.1034 -0.0102139744
0.1036 -0.0102004156
0.1038 -0.0101868154
0.10400000000000001 -0.0101731742
0.1042 -0.010159492000000001
0.1044 -0.010145769
0.1046 -0.010132005
0.1048 -0.010118200400000001
0.10500000000000001 -0.0101043552
0.1052 -0.0100904698
0.10540000000000001 -0.0100765438
0.1056 -0.0100625778
0.1058 -0.0100485716
0.10600000000000001 -0.0100345256
0.1062 -0.0100204396
0.10640000000000001 -0.0100063138
0.1066 -0.0099921486
0.1068 -0.0099779436
0.10700000000000001 -0.009963699400000001
0.1072 -0.009949415999999999
0.10740000000000001 -0.0099350932
0.1076 -0.0099207314
0.1078 -0.0099063308
0.10800000000000001 -0.009891891199999999
0.1082 -0.009877413
0.10840000000000001 -0.009862896
0.1086 -0.0098483406
0.10880000000000001 -0.0098337466
0.10900000000000001 -0.009819114399999999
0.1092 -0.0098044442
0.10940000000000001 -0.0097897356
0.1096 -0.0097749892
0.10980000000000001 -0.0097602048
0.11000000000000001 -0.0097453826
0.1102 -0.009730522799999999
0.11040000000000001 -0.0097156254
0.1106 -0.0097006906
0.11080000000000001 -0.0096857182
0.11100000000000002 -0.0096707088
0.11120000000000001 -0.009655661999999999
0.11140000000000001 -0.0096405782
0.1116 -0.009625457399999999
0.11180000000000001 -0.0096102998
0.11200000000000002 -0.009595105199999999
0.11220000000000001 -0.009579874200000001
0.11240000000000001 -0.0095646064
0.11259999999999999 -0.0095493022
0.11279999999999998 -0.0095339616
0.11299999999999999 -0.009518584600000001
0.1132 -0.0095031716
0.11339999999999999 -0.009487722399999999
0.11359999999999999 -0.009472237
0.11379999999999998 -0.0094567158
0.11399999999999999 -0.0094411588
0.1142 -0.009425566
0.11439999999999999 -0.0094099376
0.1146 -0.0093942736
0.11479999999999999 -0.0093785742
0.11499999999999999 -0.0093628394
0.1152 -0.009347069199999999
0.11539999999999999 -0.0093312638
0.1156 -0.0093154234
0.11579999999999999 -0.009299548000000001
0.11599999999999999 -0.0092836374
0.1162 -0.0092676922
0.11639999999999999 -0.0092517122
0.1166 -0.0092356974
0.11679999999999999 -0.009219648
0.11699999999999999 -0.0092035642
0.1172 -0.009187445800000001
0.11739999999999999 -0.0091712932
0.1176 -0.0091551064
0.11779999999999999 -0.0091388852
0.118 -0.00912263
0.1182 -0.0091063408
0.11839999999999999 -0.0090900176
0.1186 -0.0090736606
0.11879999999999999 -0.0090572698
0.119 -0.0090408454
0.1192 -0.009024387200000001
0.11939999999999999 -0.0090078956
0.1196 -0.0089913704
0.11979999999999999 -0.008974812
0.12 -0.0089582202
0.1202 -0.008941595
0.1204 -0.0089249368
0.1206 -0.0089082456
0.12079999999999999 -0.008891521199999999
0.121 -0.008874764
0.1212 -0.0088579738
0.1214 -0.008841151
0.1216 -0.0088242952
0.12179999999999999 -0.008807407
0.122 -0.0087904862
0.1222 -0.0087735328
0.1224 -0.008756547
0.1226 -0.008739529
0.12279999999999999 -0.0087224784
0.123 -0.0087053958
0.1232 -0.008688281
0.1234 -0.0086711342
0.1236 -0.0086539552
0.1238 -0.0086367444
0.124 -0.0086195016
0.1242 -0.008602227
0.1244 -0.0085849208
0.1246 -0.0085675828
0.1248 -0.0085502132
0.125 -0.008532811999999999
0.1252 -0.0085153794
0.1254 -0.008497915200000001
0.1256 -0.0084804198
0.1258 -0.008462893
0.126 -0.008445335
0.1262 -0.008427746
0.1264 -0.0084101256
0.1266 -0.008392474399999999
0.1268 -0.008374792
0.127 -0.008357078799999999
0.1272 -0.0083393346
0.1274 -0.0083215596
0.1276 -0.008303753799999999
0.1278 -0.008285917399999999
0.128 -0.008268050400000001
0.1282 -0.0082501528
0.12840000000000001 -0.0082322246
0.1286 -0.008214265799999999
0.1288 -0.008196276800000001
0.129 -0.0081782574
0.1292 -0.0081602076
0.12940000000000002 -0.0081421276
0.1296 -0.0081240174
0.1298 -0.008105877000000001
0.13 -0.0080877066
0.1302 -0.0080695062
0.13040000000000002 -0.008051275600000001
0.1306 -0.0080330152
0.1308 -0.008014725
0.131 -0.007996404799999999
0.1312 -0.007978055000000001
0.13140000000000002 -0.0079596752
0.1316 -0.007941265999999999
0.1318 -0.007922827
0.132 -0.0079043584
0.1322 -0.0078858604
0.13240000000000002 -0.0078673328
0.1326 -0.0078487756
0.1328 -0.0078301892
0.133 -0.007811573400000001
0.1332 -0.0077929284
0.13340000000000002 -0.0077742539999999995
0.1336 -0.0077555504
0.1338 -0.007736817599999999
0.134 -0.0077180558
0.1342 -0.007699264799999999
0.13440000000000002 -0.0076804448
0.1346 -0.0076615958
0.1348 -0.0076427178
0.135 -0.0076238108
0.13520000000000001 -0.0076048752
0.13540000000000002 -0.0075859106
0.1356 -0.0075669172
0.1358 -0.007547895000000001
0.136 -0.0075288442
0.13620000000000002 -0.007509764600000001
0.13640000000000002 -0.007490656599999999
0.1366 -0.0074715198
0.1368 -0.0074523544
0.137 -0.0074331606
0.13720000000000002 -0.0074139384
0.13740000000000002 -0.0073946876
0.1376 -0.0073754084
0.13779999999999998 -0.0073561009999999994
0.13799999999999998 -0.007336765
0.1382 -0.007317400999999999
0.1384 -0.0072980084
0.1386 -0.0072785878
0.13879999999999998 -0.007259139
0.13899999999999998 -0.007239661999999999
0.1392 -0.0072201567999999995
0.1394 -0.0072006234
0.1396 -0.0071810622
0.13979999999999998 -0.007161472800000001
0.13999999999999999 -0.007141855399999999
0.1402 -0.0071222099999999995
0.1404 -0.007102536800000001
0.1406 -0.007082835399999999
0.14079999999999998 -0.0070631064
0.141 -0.0070433494
0.1412 -0.0070235646
0.1414 -0.007003752
0.1416 -0.006983911800000001
0.14179999999999998 -0.0069640436
0.142 -0.0069441478
0.1422 -0.0069242244
0.1424 -0.0069042732
0.1426 -0.0068842944
0.14279999999999998 -0.0068642880000000005
0.143 -0.006844253999999999
0.1432 -0.0068241924
0.1434 -0.0068041032
0.1436 -0.0067839866
0.14379999999999998 -0.0067638426
0.144 -0.006743671
0.1442 -0.0067234719999999994
0.1444 -0.0067032456
0.1446 -0.0066829918
0.14479999999999998 -0.006662710400000001
0.145 -0.006642402
0.1452 -0.006622066
0.1454 -0.0066017028
0.1456 -0.0065813122
0.14579999999999999 -0.0065608944
0.146 -0.0065404493999999995
0.1462 -0.006519977000000001
0.1464 -0.0064994776
0.1466 -0.006478950799999999
0.14679999999999999 -0.006458397
0.147 -0.006437815800000001
0.1472 -0.0064172076
0.1474 -0.006396572200000001
0.1476 -0.0063759098
0.1478 -0.0063552202
0.148 -0.006334503399999999
0.1482 -0.006313759800000001
0.1484 -0.0062929888000000005
0.1486 -0.006272191000000001
0.1488 -0.0062513659999999995
0.149 -0.0062305142
0.1492 -0.0062096352
0.1494 -0.0061887292000000005
0.1496 -0.0061677964
0.1498 -0.006146836399999999
0.15 -0.0061258496
0.1502 -0.0061048358
0.1504 -0.006083795
0.1506 -0.0060627274000000005
0.1508 -0.0060416328
0.151 -0.0060205112
0.1512 -0.0059993628
0.1514 -0.0059781876
0.1516 -0.0059569854
0.1518 -0.0059357564000000005
0.152 -0.0059145004
0.1522 -0.0058932176
0.1524 -0.0058719078
0.1526 -0.0058505714
0.1528 -0.005829208000000001
0.153 -0.0058078178
0.1532 -0.0057864008
0.1534 -0.0057649568
0.15360000000000001 -0.0057434862
0.1538 -0.0057219886
0.154 -0.0057004642
0.1542 -0.005678913
0.1544 -0.005657335
0.15460000000000002 -0.0056357301999999995
0.1548 -0.0056140986
0.155 -0.0055924402
0.1552 -0.005570755
0.1554 -0.0055490428
0.15560000000000002 -0.005527304
0.1558 -0.0055055384
0.156 -0.0054837458
0.1562 -0.0054619266
0.1564 -0.0054400806
0.15660000000000002 -0.005418207600000001
0.1568 -0.0053963078
0.157 -0.0053743814
0.1572 -0.005352428
0.1574 -0.005330447800000001
0.15760000000000002 -0.0053084408
0.1578 -0.005286407
0.158 -0.0052643462000000005
0.1582 -0.0052422588
0.1584 -0.0052201444
0.15860000000000002 -0.005198003200000001
0.1588 -0.005175835
0.159 -0.0051536402
0.1592 -0.0051314184
0.15940000000000001 -0.0051091695999999995
0.15960000000000002 -0.0050868942
0.1598 -0.0050645916
0.16 -0.0050422624
0.1602 -0.005019905999999999
0.16040000000000001 -0.004997522799999999
0.16060000000000002 -0.0049751128
0.1608 -0.0049526757999999995
0.161 -0.0049302118
0.1612 -0.004907720799999999
0.16140000000000002 -0.004885202999999999
0.16160000000000002 -0.0048626582
0.1618 -0.0048400862000000005
0.162 -0.0048174874
0.1622 -0.0047948616
0.16240000000000002 -0.004772208599999999
0.1626 -0.0047495288
0.1628 -0.0047268218
0.16299999999999998 -0.0047040878
0.16319999999999998 -0.0046813266
0.1634 -0.0046585384
0.1636 -0.0046357232
0.1638 -0.0046128808
0.16399999999999998 -0.0045900112
0.16419999999999998 -0.0045671144
0.1644 -0.004544190599999999
0.1646 -0.0045212394
0.1648 -0.0044982612
0.16499999999999998 -0.0044752557999999994
0.16519999999999999 -0.004452223
0.1654 -0.004429163
0.1656 -0.0044060758
0.1658 -0.0043829611999999995
0.16599999999999998 -0.0043598194
0.1662 -0.0043366502
0.1664 -0.0043134536
0.1666 -0.0042902298
0.1668 -0.0042669784
0.16699999999999998 -0.004243699599999999
0.1672 -0.0042203936
0.1674 -0.00419706
0.1676 -0.0041736988
0.1678 -0.0041503104
0.16799999999999998 -0.0041268942
0.1682 -0.0041034506
0.1684 -0.0040799794
0.1686 -0.0040564806000000005
0.1688 -0.0040329542
0.16899999999999998 -0.0040094002
0.1692 -0.0039858184
0.1694 -0.0039622089999999995
0.1696 -0.0039385718
0.1698 -0.0039149070000000005
0.16999999999999998 -0.0038912144
0.1702 -0.003867494
0.1704 -0.0038437456
0.1706 -0.0038199695999999997
0.1708 -0.0037961656000000004
0.17099999999999999 -0.0037723336000000003
0.1712 -0.0037484738
0.1714 -0.0037245859999999998
0.1716 -0.0037006704000000002
0.1718 -0.0036767266
0.172 -0.0036527546
0.1722 -0.0036287548000000004
0.1724 -0.0036047266
0.1726 -0.0035806706
0.1728 -0.0035565861999999997
0.173 -0.0035324736
0.1732 -0.0035083327999999997
0.1734 -0.0034841638
0.1736 -0.0034599664000000002
0.1738 -0.0034357406
0.174 -0.0034114866000000002
0.1742 -0.003387204
0.1744 -0.0033628932
0.1746 -0.0033385538
0.1748 -0.0033141858
0.175 -0.0032897893999999997
0.1752 -0.0032653644000000003
0.1754 -0.0032409108
0.1756 -0.0032164284
0.1758 -0.0031919174
0.176 -0.0031673778
0.1762 -0.0031428093999999996
0.1764 -0.003118212
0.1766 -0.0030935859999999997
0.1768 -0.003068931
0.177 -0.003044247
0.1772 -0.0030195342
0.1774 -0.0029947924
0.1776 -0.0029700216
0.1778 -0.0029452216
0.178 -0.0029203926
0.1782 -0.0028955344
0.1784 -0.002870647
0.1786 -0.0028457304
0.17880000000000001 -0.0028207844
0.179 -0.0027958092
0.1792 -0.0027708046
0.1794 -0.0027457706
0.1796 -0.0027207072
0.17980000000000002 -0.0026956142
0.18 -0.0026704918
0.1802 -0.0026453396000000002
0.1804 -0.002620158
0.1806 -0.0025949466
0.18080000000000002 -0.0025697056
0.181 -0.0025444347999999998
0.1812 -0.002519134
0.1814 -0.0024938036
0.1816 -0.0024684432
0.18180000000000002 -0.0024430528
0.182 -0.0024176324
0.1822 -0.002392182
0.1824 -0.0023667016
0.1826 -0.0023411910000000003
0.18280000000000002 -0.0023156502
0.183 -0.002290079
0.1832 -0.0022644775999999998
0.1834 -0.002238846
0.1836 -0.002213184
0.18380000000000002 -0.0021874914
0.184 -0.0021617684000000002
0.1842 -0.0021360147999999997
0.1844 -0.0021102308
0.18460000000000001 -0.002084416
0.18480000000000002 -0.0020585704
0.185 -0.0020326942
0.1852 -0.0020067872
0.1854 -0.00198084932
0.18560000000000001 -0.00195488052
0.18580000000000002 -0.00192888076
0.186 -0.00190284998
0.1862 -0.0018767881199999998
0.1864 -0.00185069514
0.18660000000000002 -0.00182457098
0.18680000000000002 -0.00179841556
0.187 -0.00177222886
0.1872 -0.0017460108
0.1874 -0.00171976134
0.1876 -0.00169348042
0.1878 -0.0016671679599999998
0.188 -0.00164082392
0.18819999999999998 -0.00161444826
0.18839999999999998 -0.00158804088
0.1886 -0.0015616017600000001
0.1888 -0.00153513082
0.189 -0.0015086280000000001
0.18919999999999998 -0.00148209324
0.18939999999999999 -0.0014555265
0.1896 -0.0014289277
0.1898 -0.0014022967799999998
0.19 -0.00137563368
0.19019999999999998 -0.00134893834
0.19039999999999999 -0.0013222107000000001
0.1906 -0.0012954507
0.1908 -0.00126865826
0.191 -0.00124183334
0.19119999999999998 -0.00121497588
0.1914 -0.0011880858
0.1916 -0.0011611630200000001
0.1918 -0.00113420752
0.192 -0.0011072192
0.19219999999999998 -0.0010801979999999999
0.1924 -0.0010531438799999998
0.1926 -0.00102605674
0.1928 -0.00099893654
0.193 -0.0009717831999999999
0.19319999999999998 -0.0009445966400000001
0.1934 -0.00091737682
0.1936 -0.00089012368
0.1938 -0.00086283712
0.194 -0.00083551708
0.19419999999999998 -0.0008081635
0.1944 -0.00078077632
0.1946 -0.0007533554599999999
0.1948 -0.00072590084
0.195 -0.00069841242
0.19519999999999998 -0.0006708901
0.1954 -0.00064333382
0.1956 -0.0006157435
0.1958 -0.0005881191
0.196 -0.00056046052
0.19619999999999999 -0.0005327677
0.1964 -0.00050504056
0.1966 -0.00047727904
0.1968 -0.00044948304000000004
0.197 -0.00042165252
0.1972 -0.0003937874
0.1974 -0.00036588758000000003
0.1976 -0.00033795302
0.1978 -0.00030998364
0.198 -0.00028197933999999996
0.1982 -0.00025394006
0.1984 -0.00022586574
0.1986 -0.000197756276
0.1988 -0.000169611612
0.199 -0.00014143166600000002
0.1992 -0.00011321636
0.1994 -8.4965618e-05
0.1996 -5.6679362e-05
0.1998 -2.8357516e-05
0.2 0.0
