1.0000000E+00	0.0000000E+00
9.9900000E-01	1.4178758E-04
9.9800000E-01	2.8339681E-04
9.9700000E-01	4.2482809E-04
9.9600000E-01	5.6608180E-04
9.9500000E-01	7.0715833E-04
9.9400000E-01	8.4805806E-04
9.9300000E-01	9.8878138E-04
9.9200000E-01	1.1293287E-03
9.9100000E-01	1.2697003E-03
9.9000000E-01	1.4098967E-03
9.8900000E-01	1.5499182E-03
9.8800000E-01	1.6897651E-03
9.8700000E-01	1.8294379E-03
9.8600000E-01	1.9689370E-03
9.8500000E-01	2.1082626E-03
9.8400000E-01	2.2474152E-03
9.8300000E-01	2.3863952E-03
9.8200000E-01	2.5252028E-03
9.8100000E-01	2.6638385E-03
9.8000000E-01	2.8023026E-03
9.7900000E-01	2.9405955E-03
9.7800000E-01	3.0787175E-03
9.7700000E-01	3.2166691E-03
9.7600000E-01	3.3544505E-03
9.7500000E-01	3.4920621E-03
9.7400000E-01	3.6295042E-03
9.7300000E-01	3.7667773E-03
9.7200000E-01	3.9038816E-03
9.7100000E-01	4.0408175E-03
9.7000000E-01	4.1775854E-03
9.6900000E-01	4.3141856E-03
9.6800000E-01	4.4506184E-03
9.6700000E-01	4.5868841E-03
9.6600000E-01	4.7229832E-03
9.6500000E-01	4.8589160E-03
9.6400000E-01	4.9946827E-03
9.6300000E-01	5.1302837E-03
9.6200000E-01	5.2657194E-03
9.6100000E-01	5.4009900E-03
9.6000000E-01	5.5360960E-03
9.5900000E-01	5.6710376E-03
9.5800000E-01	5.8058151E-03
9.5700000E-01	5.9404290E-03
9.5600000E-01	6.0748794E-03
9.5500000E-01	6.2091667E-03
9.5400000E-01	6.3432913E-03
9.5300000E-01	6.4772535E-03
9.5200000E-01	6.6110535E-03
9.5100000E-01	6.7446917E-03
9.5000000E-01	6.8781684E-03
9.4900000E-01	7.0114839E-03
9.4800000E-01	7.1446385E-03
9.4700000E-01	7.2776325E-03
9.4600000E-01	7.4104662E-03
9.4500000E-01	7.5431400E-03
9.4400000E-01	7.6756541E-03
9.4300000E-01	7.8080088E-03
9.4200000E-01	7.9402044E-03
9.4100000E-01	8.0722413E-03
9.4000000E-01	8.2041196E-03
9.3900000E-01	8.3358398E-03
9.3800000E-01	8.4674021E-03
9.3700000E-01	8.5988067E-03
9.3600000E-01	8.7300540E-03
9.3500000E-01	8.8611443E-03
9.3400000E-01	8.9920778E-03
9.3300000E-01	9.1228549E-03
9.3200000E-01	9.2534757E-03
9.3100000E-01	9.3839406E-03
9.3000000E-01	9.5142499E-03
9.2900000E-01	9.6444038E-03
9.2800000E-01	9.7744026E-03
9.2700000E-01	9.9042466E-03
9.2600000E-01	1.0033936E-02
9.2500000E-01	1.0163471E-02
9.2400000E-01	1.0292852E-02
9.2300000E-01	1.0422080E-02
9.2200000E-01	1.0551154E-02
9.2100000E-01	1.0680074E-02
9.2000000E-01	1.0808842E-02
9.1900000E-01	1.0937457E-02
9.1800000E-01	1.1065920E-02
9.1700000E-01	1.1194230E-02
9.1600000E-01	1.1322388E-02
9.1500000E-01	1.1450395E-02
9.1400000E-01	1.1578251E-02
9.1300000E-01	1.1705955E-02
9.1200000E-01	1.1833508E-02
9.1100000E-01	1.1960910E-02
9.1000000E-01	1.2088162E-02
9.0900000E-01	1.2215264E-02
9.0800000E-01	1.2342216E-02
9.0700000E-01	1.2469018E-02
9.0600000E-01	1.2595670E-02
9.0500000E-01	1.2722174E-02
9.0400000E-01	1.2848528E-02
9.0300000E-01	1.2974733E-02
9.0200000E-01	1.3100790E-02
9.0100000E-01	1.3226698E-02
9.0000000E-01	1.3352459E-02
8.9900000E-01	1.3478071E-02
8.9800000E-01	1.3603536E-02
8.9700000E-01	1.3728853E-02
8.9600000E-01	1.3854023E-02
8.9500000E-01	1.3979046E-02
8.9400000E-01	1.4103922E-02
8.9300000E-01	1.4228652E-02
8.9200000E-01	1.4353235E-02
8.9100000E-01	1.4477672E-02
8.9000000E-01	1.4601963E-02
8.8900000E-01	1.4726108E-02
8.8800000E-01	1.4850108E-02
8.8700000E-01	1.4973962E-02
8.8600000E-01	1.5097671E-02
8.8500000E-01	1.5221235E-02
8.8400000E-01	1.5344655E-02
8.8300000E-01	1.5467930E-02
8.8200000E-01	1.5591060E-02
8.8100000E-01	1.5714047E-02
8.8000000E-01	1.5836889E-02
8.7900000E-01	1.5959587E-02
8.7800000E-01	1.6082142E-02
8.7700000E-01	1.6204554E-02
8.7600000E-01	1.6326822E-02
8.7500000E-01	1.6448947E-02
8.7400000E-01	1.6570929E-02
8.7300000E-01	1.6692769E-02
8.7200000E-01	1.6814466E-02
8.7100000E-01	1.6936020E-02
8.7000000E-01	1.7057433E-02
8.6900000E-01	1.7178703E-02
8.6800000E-01	1.7299832E-02
8.6700000E-01	1.7420819E-02
8.6600000E-01	1.7541664E-02
8.6500000E-01	1.7662368E-02
8.6400000E-01	1.7782931E-02
8.6300000E-01	1.7903353E-02
8.6200000E-01	1.8023633E-02
8.6100000E-01	1.8143774E-02
8.6000000E-01	1.8263773E-02
8.5900000E-01	1.8383633E-02
8.5800000E-01	1.8503352E-02
8.5700000E-01	1.8622930E-02
8.5600000E-01	1.8742369E-02
8.5500000E-01	1.8861668E-02
8.5400000E-01	1.8980828E-02
8.5300000E-01	1.9099848E-02
8.5200000E-01	1.9218728E-02
8.5100000E-01	1.9337470E-02
8.5000000E-01	1.9456072E-02
8.4900000E-01	1.9574535E-02
8.4800000E-01	1.9692859E-02
8.4700000E-01	1.9811045E-02
8.4600000E-01	1.9929092E-02
8.4500000E-01	2.0047001E-02
8.4400000E-01	2.0164771E-02
8.4300000E-01	2.0282403E-02
8.4200000E-01	2.0399897E-02
8.4100000E-01	2.0517253E-02
8.4000000E-01	2.0634471E-02
8.3900000E-01	2.0751552E-02
8.3800000E-01	2.0868494E-02
8.3700000E-01	2.0985300E-02
8.3600000E-01	2.1101968E-02
8.3500000E-01	2.1218498E-02
8.3400000E-01	2.1334892E-02
8.3300000E-01	2.1451149E-02
8.3200000E-01	2.1567268E-02
8.3100000E-01	2.1683251E-02
8.3000000E-01	2.1799097E-02
8.2900000E-01	2.1914806E-02
8.2800000E-01	2.2030379E-02
8.2700000E-01	2.2145815E-02
8.2600000E-01	2.2261115E-02
8.2500000E-01	2.2376279E-02
8.2400000E-01	2.2491306E-02
8.2300000E-01	2.2606197E-02
8.2200000E-01	2.2720953E-02
8.2100000E-01	2.2835572E-02
8.2000000E-01	2.2950056E-02
8.1900000E-01	2.3064404E-02
8.1800000E-01	2.3178616E-02
8.1700000E-01	2.3292692E-02
8.1600000E-01	2.3406633E-02
8.1500000E-01	2.3520439E-02
8.1400000E-01	2.3634109E-02
8.1300000E-01	2.3747644E-02
8.1200000E-01	2.3861043E-02
8.1100000E-01	2.3974308E-02
8.1000000E-01	2.4087437E-02
8.0900000E-01	2.4200431E-02
8.0800000E-01	2.4313291E-02
8.0700000E-01	2.4426015E-02
8.0600000E-01	2.4538604E-02
8.0500000E-01	2.4651059E-02
8.0400000E-01	2.4763379E-02
8.0300000E-01	2.4875564E-02
8.0200000E-01	2.4987614E-02
8.0100000E-01	2.5099530E-02
8.0000000E-01	2.5211312E-02
7.9900000E-01	2.5322958E-02
7.9800000E-01	2.5434471E-02
7.9700000E-01	2.5545848E-02
7.9600000E-01	2.5657092E-02
7.9500000E-01	2.5768201E-02
7.9400000E-01	2.5879175E-02
7.9300000E-01	2.5990016E-02
7.9200000E-01	2.6100722E-02
7.9100000E-01	2.6211294E-02
7.9000000E-01	2.6321731E-02
7.8900000E-01	2.6432035E-02
7.8800000E-01	2.6542204E-02
7.8700000E-01	2.6652239E-02
7.8600000E-01	2.6762140E-02
7.8500000E-01	2.6871907E-02
7.8400000E-01	2.6981539E-02
7.8300000E-01	2.7091038E-02
7.8200000E-01	2.7200403E-02
7.8100000E-01	2.7309633E-02
7.8000000E-01	2.7418729E-02
7.7900000E-01	2.7527692E-02
7.7800000E-01	2.7636520E-02
7.7700000E-01	2.7745214E-02
7.7600000E-01	2.7853775E-02
7.7500000E-01	2.7962201E-02
7.7400000E-01	2.8070493E-02
7.7300000E-01	2.8178651E-02
7.7200000E-01	2.8286675E-02
7.7100000E-01	2.8394565E-02
7.7000000E-01	2.8502321E-02
7.6900000E-01	2.8609943E-02
7.6800000E-01	2.8717431E-02
7.6700000E-01	2.8824784E-02
7.6600000E-01	2.8932004E-02
7.6500000E-01	2.9039089E-02
7.6400000E-01	2.9146040E-02
7.6300000E-01	2.9252857E-02
7.6200000E-01	2.9359539E-02
7.6100000E-01	2.9466088E-02
7.6000000E-01	2.9572502E-02
7.5900000E-01	2.9678782E-02
7.5800000E-01	2.9784927E-02
7.5700000E-01	2.9890938E-02
7.5600000E-01	2.9996814E-02
7.5500000E-01	3.0102556E-02
7.5400000E-01	3.0208164E-02
7.5300000E-01	3.0313637E-02
7.5200000E-01	3.0418975E-02
7.5100000E-01	3.0524179E-02
7.5000000E-01	3.0629248E-02
7.4900000E-01	3.0734182E-02
7.4800000E-01	3.0838982E-02
7.4700000E-01	3.0943646E-02
7.4600000E-01	3.1048176E-02
7.4500000E-01	3.1152571E-02
7.4400000E-01	3.1256830E-02
7.4300000E-01	3.1360955E-02
7.4200000E-01	3.1464944E-02
7.4100000E-01	3.1568799E-02
7.4000000E-01	3.1672517E-02
7.3900000E-01	3.1776101E-02
7.3800000E-01	3.1879549E-02
7.3700000E-01	3.1982861E-02
7.3600000E-01	3.2086038E-02
7.3500000E-01	3.2189079E-02
7.3400000E-01	3.2291985E-02
7.3300000E-01	3.2394754E-02
7.3200000E-01	3.2497388E-02
7.3100000E-01	3.2599885E-02
7.3000000E-01	3.2702247E-02
7.2900000E-01	3.2804472E-02
7.2800000E-01	3.2906561E-02
7.2700000E-01	3.3008514E-02
7.2600000E-01	3.3110330E-02
7.2500000E-01	3.3212010E-02
7.2400000E-01	3.3313552E-02
7.2300000E-01	3.3414959E-02
7.2200000E-01	3.3516228E-02
7.2100000E-01	3.3617360E-02
7.2000000E-01	3.3718355E-02
7.1900000E-01	3.3819213E-02
7.1800000E-01	3.3919933E-02
7.1700000E-01	3.4020516E-02
7.1600000E-01	3.4120962E-02
7.1500000E-01	3.4221270E-02
7.1400000E-01	3.4321440E-02
7.1300000E-01	3.4421472E-02
7.1200000E-01	3.4521366E-02
7.1100000E-01	3.4621122E-02
7.1000000E-01	3.4720739E-02
7.0900000E-01	3.4820218E-02
7.0800000E-01	3.4919559E-02
7.0700000E-01	3.5018760E-02
7.0600000E-01	3.5117823E-02
7.0500000E-01	3.5216747E-02
7.0400000E-01	3.5315532E-02
7.0300000E-01	3.5414177E-02
7.0200000E-01	3.5512684E-02
7.0100000E-01	3.5611050E-02
7.0000000E-01	3.5709277E-02
6.9900000E-01	3.5807364E-02
6.9800000E-01	3.5905311E-02
6.9700000E-01	3.6003117E-02
6.9600000E-01	3.6100784E-02
6.9500000E-01	3.6198310E-02
6.9400000E-01	3.6295695E-02
6.9300000E-01	3.6392939E-02
6.9200000E-01	3.6490042E-02
6.9100000E-01	3.6587005E-02
6.9000000E-01	3.6683825E-02
6.8900000E-01	3.6780505E-02
6.8800000E-01	3.6877042E-02
6.8700000E-01	3.6973438E-02
6.8600000E-01	3.7069692E-02
6.8500000E-01	3.7165803E-02
6.8400000E-01	3.7261772E-02
6.8300000E-01	3.7357599E-02
6.8200000E-01	3.7453283E-02
6.8100000E-01	3.7548823E-02
6.8000000E-01	3.7644221E-02
6.7900000E-01	3.7739475E-02
6.7800000E-01	3.7834586E-02
6.7700000E-01	3.7929553E-02
6.7600000E-01	3.8024376E-02
6.7500000E-01	3.8119054E-02
6.7400000E-01	3.8213589E-02
6.7300000E-01	3.8307979E-02
6.7200000E-01	3.8402224E-02
6.7100000E-01	3.8496324E-02
6.7000000E-01	3.8590279E-02
6.6900000E-01	3.8684088E-02
6.6800000E-01	3.8777752E-02
6.6700000E-01	3.8871270E-02
6.6600000E-01	3.8964642E-02
6.6500000E-01	3.9057867E-02
6.6400000E-01	3.9150946E-02
6.6300000E-01	3.9243878E-02
6.6200000E-01	3.9336664E-02
6.6100000E-01	3.9429302E-02
6.6000000E-01	3.9521792E-02
6.5900000E-01	3.9614135E-02
6.5800000E-01	3.9706330E-02
6.5700000E-01	3.9798376E-02
6.5600000E-01	3.9890275E-02
6.5500000E-01	3.9982024E-02
6.5400000E-01	4.0073625E-02
6.5300000E-01	4.0165076E-02
6.5200000E-01	4.0256378E-02
6.5100000E-01	4.0347531E-02
6.5000000E-01	4.0438533E-02
6.4900000E-01	4.0529385E-02
6.4800000E-01	4.0620087E-02
6.4700000E-01	4.0710638E-02
6.4600000E-01	4.0801038E-02
6.4500000E-01	4.0891287E-02
6.4400000E-01	4.0981384E-02
6.4300000E-01	4.1071329E-02
6.4200000E-01	4.1161123E-02
6.4100000E-01	4.1250764E-02
6.4000000E-01	4.1340252E-02
6.3900000E-01	4.1429587E-02
6.3800000E-01	4.1518769E-02
6.3700000E-01	4.1607798E-02
6.3600000E-01	4.1696673E-02
6.3500000E-01	4.1785394E-02
6.3400000E-01	4.1873960E-02
6.3300000E-01	4.1962372E-02
6.3200000E-01	4.2050628E-02
6.3100000E-01	4.2138730E-02
6.3000000E-01	4.2226675E-02
6.2900000E-01	4.2314465E-02
6.2800000E-01	4.2402099E-02
6.2700000E-01	4.2489576E-02
6.2600000E-01	4.2576897E-02
6.2500000E-01	4.2664060E-02
6.2400000E-01	4.2751066E-02
6.2300000E-01	4.2837914E-02
6.2200000E-01	4.2924604E-02
6.2100000E-01	4.3011135E-02
6.2000000E-01	4.3097508E-02
6.1900000E-01	4.3183722E-02
6.1800000E-01	4.3269776E-02
6.1700000E-01	4.3355671E-02
6.1600000E-01	4.3441405E-02
6.1500000E-01	4.3526979E-02
6.1400000E-01	4.3612392E-02
6.1300000E-01	4.3697645E-02
6.1200000E-01	4.3782735E-02
6.1100000E-01	4.3867664E-02
6.1000000E-01	4.3952431E-02
6.0900000E-01	4.4037035E-02
6.0800000E-01	4.4121476E-02
6.0700000E-01	4.4205755E-02
6.0600000E-01	4.4289869E-02
6.0500000E-01	4.4373820E-02
6.0400000E-01	4.4457606E-02
6.0300000E-01	4.4541228E-02
6.0200000E-01	4.4624684E-02
6.0100000E-01	4.4707975E-02
6.0000000E-01	4.4791101E-02
5.9900000E-01	4.4874060E-02
5.9800000E-01	4.4956852E-02
5.9700000E-01	4.5039478E-02
5.9600000E-01	4.5121936E-02
5.9500000E-01	4.5204227E-02
5.9400000E-01	4.5286349E-02
5.9300000E-01	4.5368303E-02
5.9200000E-01	4.5450088E-02
5.9100000E-01	4.5531704E-02
5.9000000E-01	4.5613150E-02
5.8900000E-01	4.5694426E-02
5.8800000E-01	4.5775532E-02
5.8700000E-01	4.5856466E-02
5.8600000E-01	4.5937229E-02
5.8500000E-01	4.6017821E-02
5.8400000E-01	4.6098240E-02
5.8300000E-01	4.6178487E-02
5.8200000E-01	4.6258561E-02
5.8100000E-01	4.6338461E-02
5.8000000E-01	4.6418187E-02
5.7900000E-01	4.6497740E-02
5.7800000E-01	4.6577117E-02
5.7700000E-01	4.6656319E-02
5.7600000E-01	4.6735346E-02
5.7500000E-01	4.6814197E-02
5.7400000E-01	4.6892871E-02
5.7300000E-01	4.6971368E-02
5.7200000E-01	4.7049688E-02
5.7100000E-01	4.7127830E-02
5.7000000E-01	4.7205794E-02
5.6900000E-01	4.7283579E-02
5.6800000E-01	4.7361185E-02
5.6700000E-01	4.7438612E-02
5.6600000E-01	4.7515858E-02
5.6500000E-01	4.7592923E-02
5.6400000E-01	4.7669808E-02
5.6300000E-01	4.7746511E-02
5.6200000E-01	4.7823032E-02
5.6100000E-01	4.7899371E-02
5.6000000E-01	4.7975526E-02
5.5900000E-01	4.8051499E-02
5.5800000E-01	4.8127287E-02
5.5700000E-01	4.8202891E-02
5.5600000E-01	4.8278310E-02
5.5500000E-01	4.8353544E-02
5.5400000E-01	4.8428591E-02
5.5300000E-01	4.8503453E-02
5.5200000E-01	4.8578127E-02
5.5100000E-01	4.8652614E-02
5.5000000E-01	4.8726913E-02
5.4900000E-01	4.8801024E-02
5.4800000E-01	4.8874946E-02
5.4700000E-01	4.8948678E-02
5.4600000E-01	4.9022221E-02
5.4500000E-01	4.9095572E-02
5.4400000E-01	4.9168733E-02
5.4300000E-01	4.9241703E-02
5.4200000E-01	4.9314480E-02
5.4100000E-01	4.9387065E-02
5.4000000E-01	4.9459456E-02
5.3900000E-01	4.9531654E-02
5.3800000E-01	4.9603657E-02
5.3700000E-01	4.9675466E-02
5.3600000E-01	4.9747080E-02
5.3500000E-01	4.9818497E-02
5.3400000E-01	4.9889718E-02
5.3300000E-01	4.9960743E-02
5.3200000E-01	5.0031569E-02
5.3100000E-01	5.0102198E-02
5.3000000E-01	5.0172628E-02
5.2900000E-01	5.0242858E-02
5.2800000E-01	5.0312889E-02
5.2700000E-01	5.0382719E-02
5.2600000E-01	5.0452349E-02
5.2500000E-01	5.0521776E-02
5.2400000E-01	5.0591002E-02
5.2300000E-01	5.0660025E-02
5.2200000E-01	5.0728845E-02
5.2100000E-01	5.0797460E-02
5.2000000E-01	5.0865871E-02
5.1900000E-01	5.0934077E-02
5.1800000E-01	5.1002078E-02
5.1700000E-01	5.1069872E-02
5.1600000E-01	5.1137459E-02
5.1500000E-01	5.1204838E-02
5.1400000E-01	5.1272010E-02
5.1300000E-01	5.1338972E-02
5.1200000E-01	5.1405725E-02
5.1100000E-01	5.1472268E-02
5.1000000E-01	5.1538601E-02
5.0900000E-01	5.1604722E-02
5.0800000E-01	5.1670631E-02
5.0700000E-01	5.1736327E-02
5.0600000E-01	5.1801811E-02
5.0500000E-01	5.1867080E-02
5.0400000E-01	5.1932135E-02
5.0300000E-01	5.1996975E-02
5.0200000E-01	5.2061599E-02
5.0100000E-01	5.2126006E-02
5.0000000E-01	5.2190197E-02
4.9900000E-01	5.2254169E-02
4.9800000E-01	5.2317923E-02
4.9700000E-01	5.2381458E-02
4.9600000E-01	5.2444773E-02
4.9500000E-01	5.2507868E-02
4.9400000E-01	5.2570741E-02
4.9300000E-01	5.2633393E-02
4.9200000E-01	5.2695822E-02
4.9100000E-01	5.2758027E-02
4.9000000E-01	5.2820009E-02
4.8900000E-01	5.2881766E-02
4.8800000E-01	5.2943298E-02
4.8700000E-01	5.3004603E-02
4.8600000E-01	5.3065682E-02
4.8500000E-01	5.3126534E-02
4.8400000E-01	5.3187157E-02
4.8300000E-01	5.3247551E-02
4.8200000E-01	5.3307715E-02
4.8100000E-01	5.3367650E-02
4.8000000E-01	5.3427353E-02
4.7900000E-01	5.3486824E-02
4.7800000E-01	5.3546062E-02
4.7700000E-01	5.3605068E-02
4.7600000E-01	5.3663839E-02
4.7500000E-01	5.3722375E-02
4.7400000E-01	5.3780676E-02
4.7300000E-01	5.3838740E-02
4.7200000E-01	5.3896567E-02
4.7100000E-01	5.3954157E-02
4.7000000E-01	5.4011508E-02
4.6900000E-01	5.4068619E-02
4.6800000E-01	5.4125490E-02
4.6700000E-01	5.4182120E-02
4.6600000E-01	5.4238508E-02
4.6500000E-01	5.4294654E-02
4.6400000E-01	5.4350557E-02
4.6300000E-01	5.4406215E-02
4.6200000E-01	5.4461628E-02
4.6100000E-01	5.4516796E-02
4.6000000E-01	5.4571717E-02
4.5900000E-01	5.4626391E-02
4.5800000E-01	5.4680816E-02
4.5700000E-01	5.4734993E-02
4.5600000E-01	5.4788919E-02
4.5500000E-01	5.4842595E-02
4.5400000E-01	5.4896020E-02
4.5300000E-01	5.4949192E-02
4.5200000E-01	5.5002111E-02
4.5100000E-01	5.5054776E-02
4.5000000E-01	5.5107186E-02
4.4900000E-01	5.5159341E-02
4.4800000E-01	5.5211238E-02
4.4700000E-01	5.5262879E-02
4.4600000E-01	5.5314261E-02
4.4500000E-01	5.5365384E-02
4.4400000E-01	5.5416247E-02
4.4300000E-01	5.5466848E-02
4.4200000E-01	5.5517188E-02
4.4100000E-01	5.5567266E-02
4.4000000E-01	5.5617080E-02
4.3900000E-01	5.5666629E-02
4.3800000E-01	5.5715913E-02
4.3700000E-01	5.5764930E-02
4.3600000E-01	5.5813681E-02
4.3500000E-01	5.5862163E-02
4.3400000E-01	5.5910376E-02
4.3300000E-01	5.5958319E-02
4.3200000E-01	5.6005991E-02
4.3100000E-01	5.6053392E-02
4.3000000E-01	5.6100520E-02
4.2900000E-01	5.6147373E-02
4.2800000E-01	5.6193953E-02
4.2700000E-01	5.6240256E-02
4.2600000E-01	5.6286284E-02
4.2500000E-01	5.6332033E-02
4.2400000E-01	5.6377504E-02
4.2300000E-01	5.6422696E-02
4.2200000E-01	5.6467607E-02
4.2100000E-01	5.6512237E-02
4.2000000E-01	5.6556584E-02
4.1900000E-01	5.6600648E-02
4.1800000E-01	5.6644427E-02
4.1700000E-01	5.6687922E-02
4.1600000E-01	5.6731129E-02
4.1500000E-01	5.6774050E-02
4.1400000E-01	5.6816681E-02
4.1300000E-01	5.6859024E-02
4.1200000E-01	5.6901076E-02
4.1100000E-01	5.6942836E-02
4.1000000E-01	5.6984304E-02
4.0900000E-01	5.7025478E-02
4.0800000E-01	5.7066358E-02
4.0700000E-01	5.7106942E-02
4.0600000E-01	5.7147229E-02
4.0500000E-01	5.7187219E-02
4.0400000E-01	5.7226909E-02
4.0300000E-01	5.7266300E-02
4.0200000E-01	5.7305389E-02
4.0100000E-01	5.7344177E-02
4.0000000E-01	5.7382661E-02
3.9900000E-01	5.7420841E-02
3.9800000E-01	5.7458716E-02
3.9700000E-01	5.7496284E-02
3.9600000E-01	5.7533544E-02
3.9500000E-01	5.7570496E-02
3.9400000E-01	5.7607137E-02
3.9300000E-01	5.7643468E-02
3.9200000E-01	5.7679487E-02
3.9100000E-01	5.7715192E-02
3.9000000E-01	5.7750583E-02
3.8900000E-01	5.7785659E-02
3.8800000E-01	5.7820418E-02
3.8700000E-01	5.7854858E-02
3.8600000E-01	5.7888980E-02
3.8500000E-01	5.7922782E-02
3.8400000E-01	5.7956262E-02
3.8300000E-01	5.7989419E-02
3.8200000E-01	5.8022253E-02
3.8100000E-01	5.8054761E-02
3.8000000E-01	5.8086944E-02
3.7900000E-01	5.8118798E-02
3.7800000E-01	5.8150325E-02
3.7700000E-01	5.8181521E-02
3.7600000E-01	5.8212386E-02
3.7500000E-01	5.8242919E-02
3.7400000E-01	5.8273118E-02
3.7300000E-01	5.8302983E-02
3.7200000E-01	5.8332511E-02
3.7100000E-01	5.8361702E-02
3.7000000E-01	5.8390554E-02
3.6900000E-01	5.8419066E-02
3.6800000E-01	5.8447237E-02
3.6700000E-01	5.8475065E-02
3.6600000E-01	5.8502550E-02
3.6500000E-01	5.8529689E-02
3.6400000E-01	5.8556482E-02
3.6300000E-01	5.8582928E-02
3.6200000E-01	5.8609024E-02
3.6100000E-01	5.8634769E-02
3.6000000E-01	5.8660163E-02
3.5900000E-01	5.8685203E-02
3.5800000E-01	5.8709889E-02
3.5700000E-01	5.8734220E-02
3.5600000E-01	5.8758192E-02
3.5500000E-01	5.8781807E-02
3.5400000E-01	5.8805061E-02
3.5300000E-01	5.8827954E-02
3.5200000E-01	5.8850484E-02
3.5100000E-01	5.8872649E-02
3.5000000E-01	5.8894449E-02
3.4900000E-01	5.8915882E-02
3.4800000E-01	5.8936946E-02
3.4700000E-01	5.8957641E-02
3.4600000E-01	5.8977963E-02
3.4500000E-01	5.8997913E-02
3.4400000E-01	5.9017489E-02
3.4300000E-01	5.9036689E-02
3.4200000E-01	5.9055511E-02
3.4100000E-01	5.9073954E-02
3.4000000E-01	5.9092018E-02
3.3900000E-01	5.9109699E-02
3.3800000E-01	5.9126997E-02
3.3700000E-01	5.9143910E-02
3.3600000E-01	5.9160436E-02
3.3500000E-01	5.9176575E-02
3.3400000E-01	5.9192324E-02
3.3300000E-01	5.9207681E-02
3.3200000E-01	5.9222646E-02
3.3100000E-01	5.9237217E-02
3.3000000E-01	5.9251392E-02
3.2900000E-01	5.9265169E-02
3.2800000E-01	5.9278548E-02
3.2700000E-01	5.9291525E-02
3.2600000E-01	5.9304100E-02
3.2500000E-01	5.9316271E-02
3.2400000E-01	5.9328037E-02
3.2300000E-01	5.9339395E-02
3.2200000E-01	5.9350344E-02
3.2100000E-01	5.9360883E-02
3.2000000E-01	5.9371009E-02
3.1900000E-01	5.9380720E-02
3.1800000E-01	5.9390017E-02
3.1700000E-01	5.9398895E-02
3.1600000E-01	5.9407355E-02
3.1500000E-01	5.9415393E-02
3.1400000E-01	5.9423009E-02
3.1300000E-01	5.9430200E-02
3.1200000E-01	5.9436964E-02
3.1100000E-01	5.9443301E-02
3.1000000E-01	5.9449208E-02
3.0900000E-01	5.9454683E-02
3.0800000E-01	5.9459724E-02
3.0700000E-01	5.9464330E-02
3.0600000E-01	5.9468499E-02
3.0500000E-01	5.9472229E-02
3.0400000E-01	5.9475517E-02
3.0300000E-01	5.9478363E-02
3.0200000E-01	5.9480764E-02
3.0100000E-01	5.9482719E-02
3.0000000E-01	5.9484225E-02
2.9900000E-01	5.9485280E-02
2.9800000E-01	5.9485883E-02
2.9700000E-01	5.9486031E-02
2.9600000E-01	5.9485723E-02
2.9500000E-01	5.9484957E-02
2.9400000E-01	5.9483731E-02
2.9300000E-01	5.9482041E-02
2.9200000E-01	5.9479888E-02
2.9100000E-01	5.9477268E-02
2.9000000E-01	5.9474180E-02
2.8900000E-01	5.9470621E-02
2.8800000E-01	5.9466589E-02
2.8700000E-01	5.9462082E-02
2.8600000E-01	5.9457099E-02
2.8500000E-01	5.9451637E-02
2.8400000E-01	5.9445693E-02
2.8300000E-01	5.9439266E-02
2.8200000E-01	5.9432354E-02
2.8100000E-01	5.9424954E-02
2.8000000E-01	5.9417065E-02
2.7900000E-01	5.9408683E-02
2.7800000E-01	5.9399807E-02
2.7700000E-01	5.9390434E-02
2.7600000E-01	5.9380563E-02
2.7500000E-01	5.9370190E-02
2.7400000E-01	5.9359314E-02
2.7300000E-01	5.9347933E-02
2.7200000E-01	5.9336043E-02
2.7100000E-01	5.9323643E-02
2.7000000E-01	5.9310730E-02
2.6900000E-01	5.9297302E-02
2.6800000E-01	5.9283357E-02
2.6700000E-01	5.9268891E-02
2.6600000E-01	5.9253903E-02
2.6500000E-01	5.9238391E-02
2.6400000E-01	5.9222351E-02
2.6300000E-01	5.9205781E-02
2.6200000E-01	5.9188679E-02
2.6100000E-01	5.9171042E-02
2.6000000E-01	5.9152867E-02
2.5900000E-01	5.9134153E-02
2.5800000E-01	5.9114896E-02
2.5700000E-01	5.9095094E-02
2.5600000E-01	5.9074744E-02
2.5500000E-01	5.9053843E-02
2.5400000E-01	5.9032390E-02
2.5300000E-01	5.9010380E-02
2.5200000E-01	5.8987812E-02
2.5100000E-01	5.8964683E-02
2.5000000E-01	5.8940989E-02
2.4900000E-01	5.8916729E-02
2.4800000E-01	5.8891899E-02
2.4700000E-01	5.8866497E-02
2.4600000E-01	5.8840520E-02
2.4500000E-01	5.8813964E-02
2.4400000E-01	5.8786827E-02
2.4300000E-01	5.8759106E-02
2.4200000E-01	5.8730798E-02
2.4100000E-01	5.8701900E-02
2.4000000E-01	5.8672409E-02
2.3900000E-01	5.8642322E-02
2.3800000E-01	5.8611636E-02
2.3700000E-01	5.8580348E-02
2.3600000E-01	5.8548455E-02
2.3500000E-01	5.8515954E-02
2.3400000E-01	5.8482841E-02
2.3300000E-01	5.8449113E-02
2.3200000E-01	5.8414767E-02
2.3100000E-01	5.8379801E-02
2.3000000E-01	5.8344209E-02
2.2900000E-01	5.8307991E-02
2.2800000E-01	5.8271141E-02
2.2700000E-01	5.8233656E-02
2.2600000E-01	5.8195534E-02
2.2500000E-01	5.8156770E-02
2.2400000E-01	5.8117362E-02
2.2300000E-01	5.8077306E-02
2.2200000E-01	5.8036598E-02
2.2100000E-01	5.7995235E-02
2.2000000E-01	5.7953212E-02
2.1900000E-01	5.7910528E-02
2.1800000E-01	5.7867177E-02
2.1700000E-01	5.7823156E-02
2.1600000E-01	5.7778462E-02
2.1500000E-01	5.7733090E-02
2.1400000E-01	5.7687038E-02
2.1300000E-01	5.7640300E-02
2.1200000E-01	5.7592873E-02
2.1100000E-01	5.7544754E-02
2.1000000E-01	5.7495938E-02
2.0900000E-01	5.7446421E-02
2.0800000E-01	5.7396200E-02
2.0700000E-01	5.7345269E-02
2.0600000E-01	5.7293626E-02
2.0500000E-01	5.7241265E-02
2.0400000E-01	5.7188184E-02
2.0300000E-01	5.7134376E-02
2.0200000E-01	5.7079839E-02
2.0100000E-01	5.7024567E-02
2.0000000E-01	5.6968557E-02
1.9900000E-01	5.6911804E-02
1.9800000E-01	5.6854303E-02
1.9700000E-01	5.6796050E-02
1.9600000E-01	5.6737041E-02
1.9500000E-01	5.6677270E-02
1.9400000E-01	5.6616733E-02
1.9300000E-01	5.6555426E-02
1.9200000E-01	5.6493343E-02
1.9100000E-01	5.6430480E-02
1.9000000E-01	5.6366831E-02
1.8900000E-01	5.6302393E-02
1.8800000E-01	5.6237159E-02
1.8700000E-01	5.6171125E-02
1.8600000E-01	5.6104285E-02
1.8500000E-01	5.6036635E-02
1.8400000E-01	5.5968169E-02
1.8300000E-01	5.5898882E-02
1.8200000E-01	5.5828768E-02
1.8100000E-01	5.5757822E-02
1.8000000E-01	5.5686039E-02
1.7900000E-01	5.5613413E-02
1.7800000E-01	5.5539938E-02
1.7700000E-01	5.5465609E-02
1.7600000E-01	5.5390419E-02
1.7500000E-01	5.5314364E-02
1.7400000E-01	5.5237436E-02
1.7300000E-01	5.5159630E-02
1.7200000E-01	5.5080941E-02
1.7100000E-01	5.5001361E-02
1.7000000E-01	5.4920884E-02
1.6900000E-01	5.4839505E-02
1.6800000E-01	5.4757217E-02
1.6700000E-01	5.4674012E-02
1.6600000E-01	5.4589886E-02
1.6500000E-01	5.4504830E-02
1.6400000E-01	5.4418839E-02
1.6300000E-01	5.4331905E-02
1.6200000E-01	5.4244022E-02
1.6100000E-01	5.4155181E-02
1.6000000E-01	5.4065378E-02
1.5900000E-01	5.3974603E-02
1.5800000E-01	5.3882850E-02
1.5700000E-01	5.3790111E-02
1.5600000E-01	5.3696379E-02
1.5500000E-01	5.3601645E-02
1.5400000E-01	5.3505903E-02
1.5300000E-01	5.3409144E-02
1.5200000E-01	5.3311361E-02
1.5100000E-01	5.3212545E-02
1.5000000E-01	5.3112687E-02
1.4900000E-01	5.3011780E-02
1.4800000E-01	5.2909815E-02
1.4700000E-01	5.2806783E-02
1.4600000E-01	5.2702676E-02
1.4500000E-01	5.2597485E-02
1.4400000E-01	5.2491200E-02
1.4300000E-01	5.2383812E-02
1.4200000E-01	5.2275313E-02
1.4100000E-01	5.2165692E-02
1.4000000E-01	5.2054940E-02
1.3900000E-01	5.1943047E-02
1.3800000E-01	5.1830003E-02
1.3700000E-01	5.1715798E-02
1.3600000E-01	5.1600421E-02
1.3500000E-01	5.1483863E-02
1.3400000E-01	5.1366111E-02
1.3300000E-01	5.1247157E-02
1.3200000E-01	5.1126988E-02
1.3100000E-01	5.1005593E-02
1.3000000E-01	5.0882961E-02
1.2900000E-01	5.0759080E-02
1.2800000E-01	5.0633939E-02
1.2700000E-01	5.0507524E-02
1.2600000E-01	5.0379825E-02
1.2500000E-01	5.0250827E-02
1.2400000E-01	5.0120520E-02
1.2300000E-01	4.9988889E-02
1.2200000E-01	4.9855921E-02
1.2100000E-01	4.9721602E-02
1.2000000E-01	4.9585920E-02
1.1900000E-01	4.9448860E-02
1.1800000E-01	4.9310407E-02
1.1700000E-01	4.9170548E-02
1.1600000E-01	4.9029266E-02
1.1500000E-01	4.8886547E-02
1.1400000E-01	4.8742375E-02
1.1300000E-01	4.8596735E-02
1.1200000E-01	4.8449610E-02
1.1100000E-01	4.8300984E-02
1.1000000E-01	4.8150839E-02
1.0900000E-01	4.7999159E-02
1.0800000E-01	4.7845926E-02
1.0700000E-01	4.7691121E-02
1.0600000E-01	4.7534727E-02
1.0500000E-01	4.7376725E-02
1.0400000E-01	4.7217095E-02
1.0300000E-01	4.7055817E-02
1.0200000E-01	4.6892872E-02
1.0100000E-01	4.6728238E-02
1.0000000E-01	4.6561895E-02
9.9000000E-02	4.6393821E-02
9.8000000E-02	4.6223993E-02
9.7000000E-02	4.6052390E-02
9.6000000E-02	4.5878987E-02
9.5000000E-02	4.5703761E-02
9.4000000E-02	4.5526687E-02
9.3000000E-02	4.5347740E-02
9.2000000E-02	4.5166894E-02
9.1000000E-02	4.4984124E-02
9.0000000E-02	4.4799401E-02
8.9000000E-02	4.4612698E-02
8.8000000E-02	4.4423986E-02
8.7000000E-02	4.4233236E-02
8.6000000E-02	4.4040417E-02
8.5000000E-02	4.3845498E-02
8.4000000E-02	4.3648448E-02
8.3000000E-02	4.3449233E-02
8.2000000E-02	4.3247819E-02
8.1000000E-02	4.3044172E-02
8.0000000E-02	4.2838255E-02
7.9000000E-02	4.2630031E-02
7.8000000E-02	4.2419463E-02
7.7000000E-02	4.2206510E-02
7.6000000E-02	4.1991132E-02
7.5000000E-02	4.1773287E-02
7.4000000E-02	4.1552931E-02
7.3000000E-02	4.1330020E-02
7.2000000E-02	4.1104507E-02
7.1000000E-02	4.0876345E-02
7.0000000E-02	4.0645483E-02
6.9000000E-02	4.0411871E-02
6.8000000E-02	4.0175455E-02
6.7000000E-02	3.9936180E-02
6.6000000E-02	3.9693989E-02
6.5000000E-02	3.9448823E-02
6.4000000E-02	3.9200620E-02
6.3000000E-02	3.8949316E-02
6.2000000E-02	3.8694845E-02
6.1000000E-02	3.8437138E-02
6.0000000E-02	3.8176123E-02
5.9000000E-02	3.7911725E-02
5.8000000E-02	3.7643866E-02
5.7000000E-02	3.7372465E-02
5.6000000E-02	3.7097436E-02
5.5000000E-02	3.6818692E-02
5.4000000E-02	3.6536140E-02
5.3000000E-02	3.6249682E-02
5.2000000E-02	3.5959217E-02
5.1000000E-02	3.5664640E-02
5.0000000E-02	3.5365838E-02
4.9000000E-02	3.5062694E-02
4.8000000E-02	3.4755086E-02
4.7000000E-02	3.4442883E-02
4.6000000E-02	3.4125950E-02
4.5000000E-02	3.3804143E-02
4.4000000E-02	3.3477311E-02
4.3000000E-02	3.3145292E-02
4.2000000E-02	3.2807918E-02
4.1000000E-02	3.2465009E-02
4.0000000E-02	3.2116374E-02
3.9000000E-02	3.1761810E-02
3.8000000E-02	3.1401102E-02
3.7000000E-02	3.1034021E-02
3.6000000E-02	3.0660320E-02
3.5000000E-02	3.0279737E-02
3.4000000E-02	2.9891991E-02
3.3000000E-02	2.9496780E-02
3.2000000E-02	2.9093779E-02
3.1000000E-02	2.8682637E-02
3.0000000E-02	2.8262974E-02
2.9000000E-02	2.7834381E-02
2.8000000E-02	2.7396411E-02
2.7000000E-02	2.6948576E-02
2.6000000E-02	2.6490346E-02
2.5000000E-02	2.6021136E-02
2.4000000E-02	2.5540303E-02
2.3000000E-02	2.5047138E-02
2.2000000E-02	2.4540853E-02
2.1000000E-02	2.4020568E-02
2.0000000E-02	2.3485299E-02
1.9000000E-02	2.2933937E-02
1.8000000E-02	2.2365225E-02
1.7000000E-02	2.1777728E-02
1.6000000E-02	2.1169799E-02
1.5000000E-02	2.0539526E-02
1.4000000E-02	1.9884675E-02
1.3000000E-02	1.9202604E-02
1.2000000E-02	1.8490153E-02
1.1000000E-02	1.7743486E-02
1.0000000E-02	1.6957874E-02
9.0000000E-03	1.6127371E-02
8.0000000E-03	1.5244320E-02
7.0000000E-03	1.4298584E-02
6.0000000E-03	1.3276236E-02
5.0000000E-03	1.2157229E-02
4.0000000E-03	1.0910795E-02
3.0000000E-03	9.4851408E-03
2.0000000E-03	7.7792767E-03
1.0000000E-03	5.5324822E-03
0.0000000E+00	0.0000000E+00
1.0000000E-03	-5.5324822E-03
2.0000000E-03	-7.7792767E-03
3.0000000E-03	-9.4851408E-03
4.0000000E-03	-1.0910795E-02
5.0000000E-03	-1.2157229E-02
6.0000000E-03	-1.3276236E-02
7.0000000E-03	-1.4298584E-02
8.0000000E-03	-1.5244320E-02
9.0000000E-03	-1.6127371E-02
1.0000000E-02	-1.6957874E-02
1.1000000E-02	-1.7743486E-02
1.2000000E-02	-1.8490153E-02
1.3000000E-02	-1.9202604E-02
1.4000000E-02	-1.9884675E-02
1.5000000E-02	-2.0539526E-02
1.6000000E-02	-2.1169799E-02
1.7000000E-02	-2.1777728E-02
1.8000000E-02	-2.2365225E-02
1.9000000E-02	-2.2933937E-02
2.0000000E-02	-2.3485299E-02
2.1000000E-02	-2.4020568E-02
2.2000000E-02	-2.4540853E-02
2.3000000E-02	-2.5047138E-02
2.4000000E-02	-2.5540303E-02
2.5000000E-02	-2.6021136E-02
2.6000000E-02	-2.6490346E-02
2.7000000E-02	-2.6948576E-02
2.8000000E-02	-2.7396411E-02
2.9000000E-02	-2.7834381E-02
3.0000000E-02	-2.8262974E-02
3.1000000E-02	-2.8682637E-02
3.2000000E-02	-2.9093779E-02
3.3000000E-02	-2.9496780E-02
3.4000000E-02	-2.9891991E-02
3.5000000E-02	-3.0279737E-02
3.6000000E-02	-3.0660320E-02
3.7000000E-02	-3.1034021E-02
3.8000000E-02	-3.1401102E-02
3.9000000E-02	-3.1761810E-02
4.0000000E-02	-3.2116374E-02
4.1000000E-02	-3.2465009E-02
4.2000000E-02	-3.2807918E-02
4.3000000E-02	-3.3145292E-02
4.4000000E-02	-3.3477311E-02
4.5000000E-02	-3.3804143E-02
4.6000000E-02	-3.4125950E-02
4.7000000E-02	-3.4442883E-02
4.8000000E-02	-3.4755086E-02
4.9000000E-02	-3.5062694E-02
5.0000000E-02	-3.5365838E-02
5.1000000E-02	-3.5664640E-02
5.2000000E-02	-3.5959217E-02
5.3000000E-02	-3.6249682E-02
5.4000000E-02	-3.6536140E-02
5.5000000E-02	-3.6818692E-02
5.6000000E-02	-3.7097436E-02
5.7000000E-02	-3.7372465E-02
5.8000000E-02	-3.7643866E-02
5.9000000E-02	-3.7911725E-02
6.0000000E-02	-3.8176123E-02
6.1000000E-02	-3.8437138E-02
6.2000000E-02	-3.8694845E-02
6.3000000E-02	-3.8949316E-02
6.4000000E-02	-3.9200620E-02
6.5000000E-02	-3.9448823E-02
6.6000000E-02	-3.9693989E-02
6.7000000E-02	-3.9936180E-02
6.8000000E-02	-4.0175455E-02
6.9000000E-02	-4.0411871E-02
7.0000000E-02	-4.0645483E-02
7.1000000E-02	-4.0876345E-02
7.2000000E-02	-4.1104507E-02
7.3000000E-02	-4.1330020E-02
7.4000000E-02	-4.1552931E-02
7.5000000E-02	-4.1773287E-02
7.6000000E-02	-4.1991132E-02
7.7000000E-02	-4.2206510E-02
7.8000000E-02	-4.2419463E-02
7.9000000E-02	-4.2630031E-02
8.0000000E-02	-4.2838255E-02
8.1000000E-02	-4.3044172E-02
8.2000000E-02	-4.3247819E-02
8.3000000E-02	-4.3449233E-02
8.4000000E-02	-4.3648448E-02
8.5000000E-02	-4.3845498E-02
8.6000000E-02	-4.4040417E-02
8.7000000E-02	-4.4233236E-02
8.8000000E-02	-4.4423986E-02
8.9000000E-02	-4.4612698E-02
9.0000000E-02	-4.4799401E-02
9.1000000E-02	-4.4984124E-02
9.2000000E-02	-4.5166894E-02
9.3000000E-02	-4.5347740E-02
9.4000000E-02	-4.5526687E-02
9.5000000E-02	-4.5703761E-02
9.6000000E-02	-4.5878987E-02
9.7000000E-02	-4.6052390E-02
9.8000000E-02	-4.6223993E-02
9.9000000E-02	-4.6393821E-02
1.0000000E-01	-4.6561895E-02
1.0100000E-01	-4.6728238E-02
1.0200000E-01	-4.6892872E-02
1.0300000E-01	-4.7055817E-02
1.0400000E-01	-4.7217095E-02
1.0500000E-01	-4.7376725E-02
1.0600000E-01	-4.7534727E-02
1.0700000E-01	-4.7691121E-02
1.0800000E-01	-4.7845926E-02
1.0900000E-01	-4.7999159E-02
1.1000000E-01	-4.8150839E-02
1.1100000E-01	-4.8300984E-02
1.1200000E-01	-4.8449610E-02
1.1300000E-01	-4.8596735E-02
1.1400000E-01	-4.8742375E-02
1.1500000E-01	-4.8886547E-02
1.1600000E-01	-4.9029266E-02
1.1700000E-01	-4.9170548E-02
1.1800000E-01	-4.9310407E-02
1.1900000E-01	-4.9448860E-02
1.2000000E-01	-4.9585920E-02
1.2100000E-01	-4.9721602E-02
1.2200000E-01	-4.9855921E-02
1.2300000E-01	-4.9988889E-02
1.2400000E-01	-5.0120520E-02
1.2500000E-01	-5.0250827E-02
1.2600000E-01	-5.0379825E-02
1.2700000E-01	-5.0507524E-02
1.2800000E-01	-5.0633939E-02
1.2900000E-01	-5.0759080E-02
1.3000000E-01	-5.0882961E-02
1.3100000E-01	-5.1005593E-02
1.3200000E-01	-5.1126988E-02
1.3300000E-01	-5.1247157E-02
1.3400000E-01	-5.1366111E-02
1.3500000E-01	-5.1483863E-02
1.3600000E-01	-5.1600421E-02
1.3700000E-01	-5.1715798E-02
1.3800000E-01	-5.1830003E-02
1.3900000E-01	-5.1943047E-02
1.4000000E-01	-5.2054940E-02
1.4100000E-01	-5.2165692E-02
1.4200000E-01	-5.2275313E-02
1.4300000E-01	-5.2383812E-02
1.4400000E-01	-5.2491200E-02
1.4500000E-01	-5.2597485E-02
1.4600000E-01	-5.2702676E-02
1.4700000E-01	-5.2806783E-02
1.4800000E-01	-5.2909815E-02
1.4900000E-01	-5.3011780E-02
1.5000000E-01	-5.3112687E-02
1.5100000E-01	-5.3212545E-02
1.5200000E-01	-5.3311361E-02
1.5300000E-01	-5.3409144E-02
1.5400000E-01	-5.3505903E-02
1.5500000E-01	-5.3601645E-02
1.5600000E-01	-5.3696379E-02
1.5700000E-01	-5.3790111E-02
1.5800000E-01	-5.3882850E-02
1.5900000E-01	-5.3974603E-02
1.6000000E-01	-5.4065378E-02
1.6100000E-01	-5.4155181E-02
1.6200000E-01	-5.4244022E-02
1.6300000E-01	-5.4331905E-02
1.6400000E-01	-5.4418839E-02
1.6500000E-01	-5.4504830E-02
1.6600000E-01	-5.4589886E-02
1.6700000E-01	-5.4674012E-02
1.6800000E-01	-5.4757217E-02
1.6900000E-01	-5.4839505E-02
1.7000000E-01	-5.4920884E-02
1.7100000E-01	-5.5001361E-02
1.7200000E-01	-5.5080941E-02
1.7300000E-01	-5.5159630E-02
1.7400000E-01	-5.5237436E-02
1.7500000E-01	-5.5314364E-02
1.7600000E-01	-5.5390419E-02
1.7700000E-01	-5.5465609E-02
1.7800000E-01	-5.5539938E-02
1.7900000E-01	-5.5613413E-02
1.8000000E-01	-5.5686039E-02
1.8100000E-01	-5.5757822E-02
1.8200000E-01	-5.5828768E-02
1.8300000E-01	-5.5898882E-02
1.8400000E-01	-5.5968169E-02
1.8500000E-01	-5.6036635E-02
1.8600000E-01	-5.6104285E-02
1.8700000E-01	-5.6171125E-02
1.8800000E-01	-5.6237159E-02
1.8900000E-01	-5.6302393E-02
1.9000000E-01	-5.6366831E-02
1.9100000E-01	-5.6430480E-02
1.9200000E-01	-5.6493343E-02
1.9300000E-01	-5.6555426E-02
1.9400000E-01	-5.6616733E-02
1.9500000E-01	-5.6677270E-02
1.9600000E-01	-5.6737041E-02
1.9700000E-01	-5.6796050E-02
1.9800000E-01	-5.6854303E-02
1.9900000E-01	-5.6911804E-02
2.0000000E-01	-5.6968557E-02
2.0100000E-01	-5.7024567E-02
2.0200000E-01	-5.7079839E-02
2.0300000E-01	-5.7134376E-02
2.0400000E-01	-5.7188184E-02
2.0500000E-01	-5.7241265E-02
2.0600000E-01	-5.7293626E-02
2.0700000E-01	-5.7345269E-02
2.0800000E-01	-5.7396200E-02
2.0900000E-01	-5.7446421E-02
2.1000000E-01	-5.7495938E-02
2.1100000E-01	-5.7544754E-02
2.1200000E-01	-5.7592873E-02
2.1300000E-01	-5.7640300E-02
2.1400000E-01	-5.7687038E-02
2.1500000E-01	-5.7733090E-02
2.1600000E-01	-5.7778462E-02
2.1700000E-01	-5.7823156E-02
2.1800000E-01	-5.7867177E-02
2.1900000E-01	-5.7910528E-02
2.2000000E-01	-5.7953212E-02
2.2100000E-01	-5.7995235E-02
2.2200000E-01	-5.8036598E-02
2.2300000E-01	-5.8077306E-02
2.2400000E-01	-5.8117362E-02
2.2500000E-01	-5.8156770E-02
2.2600000E-01	-5.8195534E-02
2.2700000E-01	-5.8233656E-02
2.2800000E-01	-5.8271141E-02
2.2900000E-01	-5.8307991E-02
2.3000000E-01	-5.8344209E-02
2.3100000E-01	-5.8379801E-02
2.3200000E-01	-5.8414767E-02
2.3300000E-01	-5.8449113E-02
2.3400000E-01	-5.8482841E-02
2.3500000E-01	-5.8515954E-02
2.3600000E-01	-5.8548455E-02
2.3700000E-01	-5.8580348E-02
2.3800000E-01	-5.8611636E-02
2.3900000E-01	-5.8642322E-02
2.4000000E-01	-5.8672409E-02
2.4100000E-01	-5.8701900E-02
2.4200000E-01	-5.8730798E-02
2.4300000E-01	-5.8759106E-02
2.4400000E-01	-5.8786827E-02
2.4500000E-01	-5.8813964E-02
2.4600000E-01	-5.8840520E-02
2.4700000E-01	-5.8866497E-02
2.4800000E-01	-5.8891899E-02
2.4900000E-01	-5.8916729E-02
2.5000000E-01	-5.8940989E-02
2.5100000E-01	-5.8964683E-02
2.5200000E-01	-5.8987812E-02
2.5300000E-01	-5.9010380E-02
2.5400000E-01	-5.9032390E-02
2.5500000E-01	-5.9053843E-02
2.5600000E-01	-5.9074744E-02
2.5700000E-01	-5.9095094E-02
2.5800000E-01	-5.9114896E-02
2.5900000E-01	-5.9134153E-02
2.6000000E-01	-5.9152867E-02
2.6100000E-01	-5.9171042E-02
2.6200000E-01	-5.9188679E-02
2.6300000E-01	-5.9205781E-02
2.6400000E-01	-5.9222351E-02
2.6500000E-01	-5.9238391E-02
2.6600000E-01	-5.9253903E-02
2.6700000E-01	-5.9268891E-02
2.6800000E-01	-5.9283357E-02
2.6900000E-01	-5.9297302E-02
2.7000000E-01	-5.9310730E-02
2.7100000E-01	-5.9323643E-02
2.7200000E-01	-5.9336043E-02
2.7300000E-01	-5.9347933E-02
2.7400000E-01	-5.9359314E-02
2.7500000E-01	-5.9370190E-02
2.7600000E-01	-5.9380563E-02
2.7700000E-01	-5.9390434E-02
2.7800000E-01	-5.9399807E-02
2.7900000E-01	-5.9408683E-02
2.8000000E-01	-5.9417065E-02
2.8100000E-01	-5.9424954E-02
2.8200000E-01	-5.9432354E-02
2.8300000E-01	-5.9439266E-02
2.8400000E-01	-5.9445693E-02
2.8500000E-01	-5.9451637E-02
2.8600000E-01	-5.9457099E-02
2.8700000E-01	-5.9462082E-02
2.8800000E-01	-5.9466589E-02
2.8900000E-01	-5.9470621E-02
2.9000000E-01	-5.9474180E-02
2.9100000E-01	-5.9477268E-02
2.9200000E-01	-5.9479888E-02
2.9300000E-01	-5.9482041E-02
2.9400000E-01	-5.9483731E-02
2.9500000E-01	-5.9484957E-02
2.9600000E-01	-5.9485723E-02
2.9700000E-01	-5.9486031E-02
2.9800000E-01	-5.9485883E-02
2.9900000E-01	-5.9485280E-02
3.0000000E-01	-5.9484225E-02
3.0100000E-01	-5.9482719E-02
3.0200000E-01	-5.9480764E-02
3.0300000E-01	-5.9478363E-02
3.0400000E-01	-5.9475517E-02
3.0500000E-01	-5.9472229E-02
3.0600000E-01	-5.9468499E-02
3.0700000E-01	-5.9464330E-02
3.0800000E-01	-5.9459724E-02
3.0900000E-01	-5.9454683E-02
3.1000000E-01	-5.9449208E-02
3.1100000E-01	-5.9443301E-02
3.1200000E-01	-5.9436964E-02
3.1300000E-01	-5.9430200E-02
3.1400000E-01	-5.9423009E-02
3.1500000E-01	-5.9415393E-02
3.1600000E-01	-5.9407355E-02
3.1700000E-01	-5.9398895E-02
3.1800000E-01	-5.9390017E-02
3.1900000E-01	-5.9380720E-02
3.2000000E-01	-5.9371009E-02
3.2100000E-01	-5.9360883E-02
3.2200000E-01	-5.9350344E-02
3.2300000E-01	-5.9339395E-02
3.2400000E-01	-5.9328037E-02
3.2500000E-01	-5.9316271E-02
3.2600000E-01	-5.9304100E-02
3.2700000E-01	-5.9291525E-02
3.2800000E-01	-5.9278548E-02
3.2900000E-01	-5.9265169E-02
3.3000000E-01	-5.9251392E-02
3.3100000E-01	-5.9237217E-02
3.3200000E-01	-5.9222646E-02
3.3300000E-01	-5.9207681E-02
3.3400000E-01	-5.9192324E-02
3.3500000E-01	-5.9176575E-02
3.3600000E-01	-5.9160436E-02
3.3700000E-01	-5.9143910E-02
3.3800000E-01	-5.9126997E-02
3.3900000E-01	-5.9109699E-02
3.4000000E-01	-5.9092018E-02
3.4100000E-01	-5.9073954E-02
3.4200000E-01	-5.9055511E-02
3.4300000E-01	-5.9036689E-02
3.4400000E-01	-5.9017489E-02
3.4500000E-01	-5.8997913E-02
3.4600000E-01	-5.8977963E-02
3.4700000E-01	-5.8957641E-02
3.4800000E-01	-5.8936946E-02
3.4900000E-01	-5.8915882E-02
3.5000000E-01	-5.8894449E-02
3.5100000E-01	-5.8872649E-02
3.5200000E-01	-5.8850484E-02
3.5300000E-01	-5.8827954E-02
3.5400000E-01	-5.8805061E-02
3.5500000E-01	-5.8781807E-02
3.5600000E-01	-5.8758192E-02
3.5700000E-01	-5.8734220E-02
3.5800000E-01	-5.8709889E-02
3.5900000E-01	-5.8685203E-02
3.6000000E-01	-5.8660163E-02
3.6100000E-01	-5.8634769E-02
3.6200000E-01	-5.8609024E-02
3.6300000E-01	-5.8582928E-02
3.6400000E-01	-5.8556482E-02
3.6500000E-01	-5.8529689E-02
3.6600000E-01	-5.8502550E-02
3.6700000E-01	-5.8475065E-02
3.6800000E-01	-5.8447237E-02
3.6900000E-01	-5.8419066E-02
3.7000000E-01	-5.8390554E-02
3.7100000E-01	-5.8361702E-02
3.7200000E-01	-5.8332511E-02
3.7300000E-01	-5.8302983E-02
3.7400000E-01	-5.8273118E-02
3.7500000E-01	-5.8242919E-02
3.7600000E-01	-5.8212386E-02
3.7700000E-01	-5.8181521E-02
3.7800000E-01	-5.8150325E-02
3.7900000E-01	-5.8118798E-02
3.8000000E-01	-5.8086944E-02
3.8100000E-01	-5.8054761E-02
3.8200000E-01	-5.8022253E-02
3.8300000E-01	-5.7989419E-02
3.8400000E-01	-5.7956262E-02
3.8500000E-01	-5.7922782E-02
3.8600000E-01	-5.7888980E-02
3.8700000E-01	-5.7854858E-02
3.8800000E-01	-5.7820418E-02
3.8900000E-01	-5.7785659E-02
3.9000000E-01	-5.7750583E-02
3.9100000E-01	-5.7715192E-02
3.9200000E-01	-5.7679487E-02
3.9300000E-01	-5.7643468E-02
3.9400000E-01	-5.7607137E-02
3.9500000E-01	-5.7570496E-02
3.9600000E-01	-5.7533544E-02
3.9700000E-01	-5.7496284E-02
3.9800000E-01	-5.7458716E-02
3.9900000E-01	-5.7420841E-02
4.0000000E-01	-5.7382661E-02
4.0100000E-01	-5.7344177E-02
4.0200000E-01	-5.7305389E-02
4.0300000E-01	-5.7266300E-02
4.0400000E-01	-5.7226909E-02
4.0500000E-01	-5.7187219E-02
4.0600000E-01	-5.7147229E-02
4.0700000E-01	-5.7106942E-02
4.0800000E-01	-5.7066358E-02
4.0900000E-01	-5.7025478E-02
4.1000000E-01	-5.6984304E-02
4.1100000E-01	-5.6942836E-02
4.1200000E-01	-5.6901076E-02
4.1300000E-01	-5.6859024E-02
4.1400000E-01	-5.6816681E-02
4.1500000E-01	-5.6774050E-02
4.1600000E-01	-5.6731129E-02
4.1700000E-01	-5.6687922E-02
4.1800000E-01	-5.6644427E-02
4.1900000E-01	-5.6600648E-02
4.2000000E-01	-5.6556584E-02
4.2100000E-01	-5.6512237E-02
4.2200000E-01	-5.6467607E-02
4.2300000E-01	-5.6422696E-02
4.2400000E-01	-5.6377504E-02
4.2500000E-01	-5.6332033E-02
4.2600000E-01	-5.6286284E-02
4.2700000E-01	-5.6240256E-02
4.2800000E-01	-5.6193953E-02
4.2900000E-01	-5.6147373E-02
4.3000000E-01	-5.6100520E-02
4.3100000E-01	-5.6053392E-02
4.3200000E-01	-5.6005991E-02
4.3300000E-01	-5.5958319E-02
4.3400000E-01	-5.5910376E-02
4.3500000E-01	-5.5862163E-02
4.3600000E-01	-5.5813681E-02
4.3700000E-01	-5.5764930E-02
4.3800000E-01	-5.5715913E-02
4.3900000E-01	-5.5666629E-02
4.4000000E-01	-5.5617080E-02
4.4100000E-01	-5.5567266E-02
4.4200000E-01	-5.5517188E-02
4.4300000E-01	-5.5466848E-02
4.4400000E-01	-5.5416247E-02
4.4500000E-01	-5.5365384E-02
4.4600000E-01	-5.5314261E-02
4.4700000E-01	-5.5262879E-02
4.4800000E-01	-5.5211238E-02
4.4900000E-01	-5.5159341E-02
4.5000000E-01	-5.5107186E-02
4.5100000E-01	-5.5054776E-02
4.5200000E-01	-5.5002111E-02
4.5300000E-01	-5.4949192E-02
4.5400000E-01	-5.4896020E-02
4.5500000E-01	-5.4842595E-02
4.5600000E-01	-5.4788919E-02
4.5700000E-01	-5.4734993E-02
4.5800000E-01	-5.4680816E-02
4.5900000E-01	-5.4626391E-02
4.6000000E-01	-5.4571717E-02
4.6100000E-01	-5.4516796E-02
4.6200000E-01	-5.4461628E-02
4.6300000E-01	-5.4406215E-02
4.6400000E-01	-5.4350557E-02
4.6500000E-01	-5.4294654E-02
4.6600000E-01	-5.4238508E-02
4.6700000E-01	-5.4182120E-02
4.6800000E-01	-5.4125490E-02
4.6900000E-01	-5.4068619E-02
4.7000000E-01	-5.4011508E-02
4.7100000E-01	-5.3954157E-02
4.7200000E-01	-5.3896567E-02
4.7300000E-01	-5.3838740E-02
4.7400000E-01	-5.3780676E-02
4.7500000E-01	-5.3722375E-02
4.7600000E-01	-5.3663839E-02
4.7700000E-01	-5.3605068E-02
4.7800000E-01	-5.3546062E-02
4.7900000E-01	-5.3486824E-02
4.8000000E-01	-5.3427353E-02
4.8100000E-01	-5.3367650E-02
4.8200000E-01	-5.3307715E-02
4.8300000E-01	-5.3247551E-02
4.8400000E-01	-5.3187157E-02
4.8500000E-01	-5.3126534E-02
4.8600000E-01	-5.3065682E-02
4.8700000E-01	-5.3004603E-02
4.8800000E-01	-5.2943298E-02
4.8900000E-01	-5.2881766E-02
4.9000000E-01	-5.2820009E-02
4.9100000E-01	-5.2758027E-02
4.9200000E-01	-5.2695822E-02
4.9300000E-01	-5.2633393E-02
4.9400000E-01	-5.2570741E-02
4.9500000E-01	-5.2507868E-02
4.9600000E-01	-5.2444773E-02
4.9700000E-01	-5.2381458E-02
4.9800000E-01	-5.2317923E-02
4.9900000E-01	-5.2254169E-02
5.0000000E-01	-5.2190197E-02
5.0100000E-01	-5.2126006E-02
5.0200000E-01	-5.2061599E-02
5.0300000E-01	-5.1996975E-02
5.0400000E-01	-5.1932135E-02
5.0500000E-01	-5.1867080E-02
5.0600000E-01	-5.1801811E-02
5.0700000E-01	-5.1736327E-02
5.0800000E-01	-5.1670631E-02
5.0900000E-01	-5.1604722E-02
5.1000000E-01	-5.1538601E-02
5.1100000E-01	-5.1472268E-02
5.1200000E-01	-5.1405725E-02
5.1300000E-01	-5.1338972E-02
5.1400000E-01	-5.1272010E-02
5.1500000E-01	-5.1204838E-02
5.1600000E-01	-5.1137459E-02
5.1700000E-01	-5.1069872E-02
5.1800000E-01	-5.1002078E-02
5.1900000E-01	-5.0934077E-02
5.2000000E-01	-5.0865871E-02
5.2100000E-01	-5.0797460E-02
5.2200000E-01	-5.0728845E-02
5.2300000E-01	-5.0660025E-02
5.2400000E-01	-5.0591002E-02
5.2500000E-01	-5.0521776E-02
5.2600000E-01	-5.0452349E-02
5.2700000E-01	-5.0382719E-02
5.2800000E-01	-5.0312889E-02
5.2900000E-01	-5.0242858E-02
5.3000000E-01	-5.0172628E-02
5.3100000E-01	-5.0102198E-02
5.3200000E-01	-5.0031569E-02
5.3300000E-01	-4.9960743E-02
5.3400000E-01	-4.9889718E-02
5.3500000E-01	-4.9818497E-02
5.3600000E-01	-4.9747080E-02
5.3700000E-01	-4.9675466E-02
5.3800000E-01	-4.9603657E-02
5.3900000E-01	-4.9531654E-02
5.4000000E-01	-4.9459456E-02
5.4100000E-01	-4.9387065E-02
5.4200000E-01	-4.9314480E-02
5.4300000E-01	-4.9241703E-02
5.4400000E-01	-4.9168733E-02
5.4500000E-01	-4.9095572E-02
5.4600000E-01	-4.9022221E-02
5.4700000E-01	-4.8948678E-02
5.4800000E-01	-4.8874946E-02
5.4900000E-01	-4.8801024E-02
5.5000000E-01	-4.8726913E-02
5.5100000E-01	-4.8652614E-02
5.5200000E-01	-4.8578127E-02
5.5300000E-01	-4.8503453E-02
5.5400000E-01	-4.8428591E-02
5.5500000E-01	-4.8353544E-02
5.5600000E-01	-4.8278310E-02
5.5700000E-01	-4.8202891E-02
5.5800000E-01	-4.8127287E-02
5.5900000E-01	-4.8051499E-02
5.6000000E-01	-4.7975526E-02
5.6100000E-01	-4.7899371E-02
5.6200000E-01	-4.7823032E-02
5.6300000E-01	-4.7746511E-02
5.6400000E-01	-4.7669808E-02
5.6500000E-01	-4.7592923E-02
5.6600000E-01	-4.7515858E-02
5.6700000E-01	-4.7438612E-02
5.6800000E-01	-4.7361185E-02
5.6900000E-01	-4.7283579E-02
5.7000000E-01	-4.7205794E-02
5.7100000E-01	-4.7127830E-02
5.7200000E-01	-4.7049688E-02
5.7300000E-01	-4.6971368E-02
5.7400000E-01	-4.6892871E-02
5.7500000E-01	-4.6814197E-02
5.7600000E-01	-4.6735346E-02
5.7700000E-01	-4.6656319E-02
5.7800000E-01	-4.6577117E-02
5.7900000E-01	-4.6497740E-02
5.8000000E-01	-4.6418187E-02
5.8100000E-01	-4.6338461E-02
5.8200000E-01	-4.6258561E-02
5.8300000E-01	-4.6178487E-02
5.8400000E-01	-4.6098240E-02
5.8500000E-01	-4.6017821E-02
5.8600000E-01	-4.5937229E-02
5.8700000E-01	-4.5856466E-02
5.8800000E-01	-4.5775532E-02
5.8900000E-01	-4.5694426E-02
5.9000000E-01	-4.5613150E-02
5.9100000E-01	-4.5531704E-02
5.9200000E-01	-4.5450088E-02
5.9300000E-01	-4.5368303E-02
5.9400000E-01	-4.5286349E-02
5.9500000E-01	-4.5204227E-02
5.9600000E-01	-4.5121936E-02
5.9700000E-01	-4.5039478E-02
5.9800000E-01	-4.4956852E-02
5.9900000E-01	-4.4874060E-02
6.0000000E-01	-4.4791101E-02
6.0100000E-01	-4.4707975E-02
6.0200000E-01	-4.4624684E-02
6.0300000E-01	-4.4541228E-02
6.0400000E-01	-4.4457606E-02
6.0500000E-01	-4.4373820E-02
6.0600000E-01	-4.4289869E-02
6.0700000E-01	-4.4205755E-02
6.0800000E-01	-4.4121476E-02
6.0900000E-01	-4.4037035E-02
6.1000000E-01	-4.3952431E-02
6.1100000E-01	-4.3867664E-02
6.1200000E-01	-4.3782735E-02
6.1300000E-01	-4.3697645E-02
6.1400000E-01	-4.3612392E-02
6.1500000E-01	-4.3526979E-02
6.1600000E-01	-4.3441405E-02
6.1700000E-01	-4.3355671E-02
6.1800000E-01	-4.3269776E-02
6.1900000E-01	-4.3183722E-02
6.2000000E-01	-4.3097508E-02
6.2100000E-01	-4.3011135E-02
6.2200000E-01	-4.2924604E-02
6.2300000E-01	-4.2837914E-02
6.2400000E-01	-4.2751066E-02
6.2500000E-01	-4.2664060E-02
6.2600000E-01	-4.2576897E-02
6.2700000E-01	-4.2489576E-02
6.2800000E-01	-4.2402099E-02
6.2900000E-01	-4.2314465E-02
6.3000000E-01	-4.2226675E-02
6.3100000E-01	-4.2138730E-02
6.3200000E-01	-4.2050628E-02
6.3300000E-01	-4.1962372E-02
6.3400000E-01	-4.1873960E-02
6.3500000E-01	-4.1785394E-02
6.3600000E-01	-4.1696673E-02
6.3700000E-01	-4.1607798E-02
6.3800000E-01	-4.1518769E-02
6.3900000E-01	-4.1429587E-02
6.4000000E-01	-4.1340252E-02
6.4100000E-01	-4.1250764E-02
6.4200000E-01	-4.1161123E-02
6.4300000E-01	-4.1071329E-02
6.4400000E-01	-4.0981384E-02
6.4500000E-01	-4.0891287E-02
6.4600000E-01	-4.0801038E-02
6.4700000E-01	-4.0710638E-02
6.4800000E-01	-4.0620087E-02
6.4900000E-01	-4.0529385E-02
6.5000000E-01	-4.0438533E-02
6.5100000E-01	-4.0347531E-02
6.5200000E-01	-4.0256378E-02
6.5300000E-01	-4.0165076E-02
6.5400000E-01	-4.0073625E-02
6.5500000E-01	-3.9982024E-02
6.5600000E-01	-3.9890275E-02
6.5700000E-01	-3.9798376E-02
6.5800000E-01	-3.9706330E-02
6.5900000E-01	-3.9614135E-02
6.6000000E-01	-3.9521792E-02
6.6100000E-01	-3.9429302E-02
6.6200000E-01	-3.9336664E-02
6.6300000E-01	-3.9243878E-02
6.6400000E-01	-3.9150946E-02
6.6500000E-01	-3.9057867E-02
6.6600000E-01	-3.8964642E-02
6.6700000E-01	-3.8871270E-02
6.6800000E-01	-3.8777752E-02
6.6900000E-01	-3.8684088E-02
6.7000000E-01	-3.8590279E-02
6.7100000E-01	-3.8496324E-02
6.7200000E-01	-3.8402224E-02
6.7300000E-01	-3.8307979E-02
6.7400000E-01	-3.8213589E-02
6.7500000E-01	-3.8119054E-02
6.7600000E-01	-3.8024376E-02
6.7700000E-01	-3.7929553E-02
6.7800000E-01	-3.7834586E-02
6.7900000E-01	-3.7739475E-02
6.8000000E-01	-3.7644221E-02
6.8100000E-01	-3.7548823E-02
6.8200000E-01	-3.7453283E-02
6.8300000E-01	-3.7357599E-02
6.8400000E-01	-3.7261772E-02
6.8500000E-01	-3.7165803E-02
6.8600000E-01	-3.7069692E-02
6.8700000E-01	-3.6973438E-02
6.8800000E-01	-3.6877042E-02
6.8900000E-01	-3.6780505E-02
6.9000000E-01	-3.6683825E-02
6.9100000E-01	-3.6587005E-02
6.9200000E-01	-3.6490042E-02
6.9300000E-01	-3.6392939E-02
6.9400000E-01	-3.6295695E-02
6.9500000E-01	-3.6198310E-02
6.9600000E-01	-3.6100784E-02
6.9700000E-01	-3.6003117E-02
6.9800000E-01	-3.5905311E-02
6.9900000E-01	-3.5807364E-02
7.0000000E-01	-3.5709277E-02
7.0100000E-01	-3.5611050E-02
7.0200000E-01	-3.5512684E-02
7.0300000E-01	-3.5414177E-02
7.0400000E-01	-3.5315532E-02
7.0500000E-01	-3.5216747E-02
7.0600000E-01	-3.5117823E-02
7.0700000E-01	-3.5018760E-02
7.0800000E-01	-3.4919559E-02
7.0900000E-01	-3.4820218E-02
7.1000000E-01	-3.4720739E-02
7.1100000E-01	-3.4621122E-02
7.1200000E-01	-3.4521366E-02
7.1300000E-01	-3.4421472E-02
7.1400000E-01	-3.4321440E-02
7.1500000E-01	-3.4221270E-02
7.1600000E-01	-3.4120962E-02
7.1700000E-01	-3.4020516E-02
7.1800000E-01	-3.3919933E-02
7.1900000E-01	-3.3819213E-02
7.2000000E-01	-3.3718355E-02
7.2100000E-01	-3.3617360E-02
7.2200000E-01	-3.3516228E-02
7.2300000E-01	-3.3414959E-02
7.2400000E-01	-3.3313552E-02
7.2500000E-01	-3.3212010E-02
7.2600000E-01	-3.3110330E-02
7.2700000E-01	-3.3008514E-02
7.2800000E-01	-3.2906561E-02
7.2900000E-01	-3.2804472E-02
7.3000000E-01	-3.2702247E-02
7.3100000E-01	-3.2599885E-02
7.3200000E-01	-3.2497388E-02
7.3300000E-01	-3.2394754E-02
7.3400000E-01	-3.2291985E-02
7.3500000E-01	-3.2189079E-02
7.3600000E-01	-3.2086038E-02
7.3700000E-01	-3.1982861E-02
7.3800000E-01	-3.1879549E-02
7.3900000E-01	-3.1776101E-02
7.4000000E-01	-3.1672517E-02
7.4100000E-01	-3.1568799E-02
7.4200000E-01	-3.1464944E-02
7.4300000E-01	-3.1360955E-02
7.4400000E-01	-3.1256830E-02
7.4500000E-01	-3.1152571E-02
7.4600000E-01	-3.1048176E-02
7.4700000E-01	-3.0943646E-02
7.4800000E-01	-3.0838982E-02
7.4900000E-01	-3.0734182E-02
7.5000000E-01	-3.0629248E-02
7.5100000E-01	-3.0524179E-02
7.5200000E-01	-3.0418975E-02
7.5300000E-01	-3.0313637E-02
7.5400000E-01	-3.0208164E-02
7.5500000E-01	-3.0102556E-02
7.5600000E-01	-2.9996814E-02
7.5700000E-01	-2.9890938E-02
7.5800000E-01	-2.9784927E-02
7.5900000E-01	-2.9678782E-02
7.6000000E-01	-2.9572502E-02
7.6100000E-01	-2.9466088E-02
7.6200000E-01	-2.9359539E-02
7.6300000E-01	-2.9252857E-02
7.6400000E-01	-2.9146040E-02
7.6500000E-01	-2.9039089E-02
7.6600000E-01	-2.8932004E-02
7.6700000E-01	-2.8824784E-02
7.6800000E-01	-2.8717431E-02
7.6900000E-01	-2.8609943E-02
7.7000000E-01	-2.8502321E-02
7.7100000E-01	-2.8394565E-02
7.7200000E-01	-2.8286675E-02
7.7300000E-01	-2.8178651E-02
7.7400000E-01	-2.8070493E-02
7.7500000E-01	-2.7962201E-02
7.7600000E-01	-2.7853775E-02
7.7700000E-01	-2.7745214E-02
7.7800000E-01	-2.7636520E-02
7.7900000E-01	-2.7527692E-02
7.8000000E-01	-2.7418729E-02
7.8100000E-01	-2.7309633E-02
7.8200000E-01	-2.7200403E-02
7.8300000E-01	-2.7091038E-02
7.8400000E-01	-2.6981539E-02
7.8500000E-01	-2.6871907E-02
7.8600000E-01	-2.6762140E-02
7.8700000E-01	-2.6652239E-02
7.8800000E-01	-2.6542204E-02
7.8900000E-01	-2.6432035E-02
7.9000000E-01	-2.6321731E-02
7.9100000E-01	-2.6211294E-02
7.9200000E-01	-2.6100722E-02
7.9300000E-01	-2.5990016E-02
7.9400000E-01	-2.5879175E-02
7.9500000E-01	-2.5768201E-02
7.9600000E-01	-2.5657092E-02
7.9700000E-01	-2.5545848E-02
7.9800000E-01	-2.5434471E-02
7.9900000E-01	-2.5322958E-02
8.0000000E-01	-2.5211312E-02
8.0100000E-01	-2.5099530E-02
8.0200000E-01	-2.4987614E-02
8.0300000E-01	-2.4875564E-02
8.0400000E-01	-2.4763379E-02
8.0500000E-01	-2.4651059E-02
8.0600000E-01	-2.4538604E-02
8.0700000E-01	-2.4426015E-02
8.0800000E-01	-2.4313291E-02
8.0900000E-01	-2.4200431E-02
8.1000000E-01	-2.4087437E-02
8.1100000E-01	-2.3974308E-02
8.1200000E-01	-2.3861043E-02
8.1300000E-01	-2.3747644E-02
8.1400000E-01	-2.3634109E-02
8.1500000E-01	-2.3520439E-02
8.1600000E-01	-2.3406633E-02
8.1700000E-01	-2.3292692E-02
8.1800000E-01	-2.3178616E-02
8.1900000E-01	-2.3064404E-02
8.2000000E-01	-2.2950056E-02
8.2100000E-01	-2.2835572E-02
8.2200000E-01	-2.2720953E-02
8.2300000E-01	-2.2606197E-02
8.2400000E-01	-2.2491306E-02
8.2500000E-01	-2.2376279E-02
8.2600000E-01	-2.2261115E-02
8.2700000E-01	-2.2145815E-02
8.2800000E-01	-2.2030379E-02
8.2900000E-01	-2.1914806E-02
8.3000000E-01	-2.1799097E-02
8.3100000E-01	-2.1683251E-02
8.3200000E-01	-2.1567268E-02
8.3300000E-01	-2.1451149E-02
8.3400000E-01	-2.1334892E-02
8.3500000E-01	-2.1218498E-02
8.3600000E-01	-2.1101968E-02
8.3700000E-01	-2.0985300E-02
8.3800000E-01	-2.0868494E-02
8.3900000E-01	-2.0751552E-02
8.4000000E-01	-2.0634471E-02
8.4100000E-01	-2.0517253E-02
8.4200000E-01	-2.0399897E-02
8.4300000E-01	-2.0282403E-02
8.4400000E-01	-2.0164771E-02
8.4500000E-01	-2.0047001E-02
8.4600000E-01	-1.9929092E-02
8.4700000E-01	-1.9811045E-02
8.4800000E-01	-1.9692859E-02
8.4900000E-01	-1.9574535E-02
8.5000000E-01	-1.9456072E-02
8.5100000E-01	-1.9337470E-02
8.5200000E-01	-1.9218728E-02
8.5300000E-01	-1.9099848E-02
8.5400000E-01	-1.8980828E-02
8.5500000E-01	-1.8861668E-02
8.5600000E-01	-1.8742369E-02
8.5700000E-01	-1.8622930E-02
8.5800000E-01	-1.8503352E-02
8.5900000E-01	-1.8383633E-02
8.6000000E-01	-1.8263773E-02
8.6100000E-01	-1.8143774E-02
8.6200000E-01	-1.8023633E-02
8.6300000E-01	-1.7903353E-02
8.6400000E-01	-1.7782931E-02
8.6500000E-01	-1.7662368E-02
8.6600000E-01	-1.7541664E-02
8.6700000E-01	-1.7420819E-02
8.6800000E-01	-1.7299832E-02
8.6900000E-01	-1.7178703E-02
8.7000000E-01	-1.7057433E-02
8.7100000E-01	-1.6936020E-02
8.7200000E-01	-1.6814466E-02
8.7300000E-01	-1.6692769E-02
8.7400000E-01	-1.6570929E-02
8.7500000E-01	-1.6448947E-02
8.7600000E-01	-1.6326822E-02
8.7700000E-01	-1.6204554E-02
8.7800000E-01	-1.6082142E-02
8.7900000E-01	-1.5959587E-02
8.8000000E-01	-1.5836889E-02
8.8100000E-01	-1.5714047E-02
8.8200000E-01	-1.5591060E-02
8.8300000E-01	-1.5467930E-02
8.8400000E-01	-1.5344655E-02
8.8500000E-01	-1.5221235E-02
8.8600000E-01	-1.5097671E-02
8.8700000E-01	-1.4973962E-02
8.8800000E-01	-1.4850108E-02
8.8900000E-01	-1.4726108E-02
8.9000000E-01	-1.4601963E-02
8.9100000E-01	-1.4477672E-02
8.9200000E-01	-1.4353235E-02
8.9300000E-01	-1.4228652E-02
8.9400000E-01	-1.4103922E-02
8.9500000E-01	-1.3979046E-02
8.9600000E-01	-1.3854023E-02
8.9700000E-01	-1.3728853E-02
8.9800000E-01	-1.3603536E-02
8.9900000E-01	-1.3478071E-02
9.0000000E-01	-1.3352459E-02
9.0100000E-01	-1.3226698E-02
9.0200000E-01	-1.3100790E-02
9.0300000E-01	-1.2974733E-02
9.0400000E-01	-1.2848528E-02
9.0500000E-01	-1.2722174E-02
9.0600000E-01	-1.2595670E-02
9.0700000E-01	-1.2469018E-02
9.0800000E-01	-1.2342216E-02
9.0900000E-01	-1.2215264E-02
9.1000000E-01	-1.2088162E-02
9.1100000E-01	-1.1960910E-02
9.1200000E-01	-1.1833508E-02
9.1300000E-01	-1.1705955E-02
9.1400000E-01	-1.1578251E-02
9.1500000E-01	-1.1450395E-02
9.1600000E-01	-1.1322388E-02
9.1700000E-01	-1.1194230E-02
9.1800000E-01	-1.1065920E-02
9.1900000E-01	-1.0937457E-02
9.2000000E-01	-1.0808842E-02
9.2100000E-01	-1.0680074E-02
9.2200000E-01	-1.0551154E-02
9.2300000E-01	-1.0422080E-02
9.2400000E-01	-1.0292852E-02
9.2500000E-01	-1.0163471E-02
9.2600000E-01	-1.0033936E-02
9.2700000E-01	-9.9042466E-03
9.2800000E-01	-9.7744026E-03
9.2900000E-01	-9.6444038E-03
9.3000000E-01	-9.5142499E-03
9.3100000E-01	-9.3839406E-03
9.3200000E-01	-9.2534757E-03
9.3300000E-01	-9.1228549E-03
9.3400000E-01	-8.9920778E-03
9.3500000E-01	-8.8611443E-03
9.3600000E-01	-8.7300540E-03
9.3700000E-01	-8.5988067E-03
9.3800000E-01	-8.4674021E-03
9.3900000E-01	-8.3358398E-03
9.4000000E-01	-8.2041196E-03
9.4100000E-01	-8.0722413E-03
9.4200000E-01	-7.9402044E-03
9.4300000E-01	-7.8080088E-03
9.4400000E-01	-7.6756541E-03
9.4500000E-01	-7.5431400E-03
9.4600000E-01	-7.4104662E-03
9.4700000E-01	-7.2776325E-03
9.4800000E-01	-7.1446385E-03
9.4900000E-01	-7.0114839E-03
9.5000000E-01	-6.8781684E-03
9.5100000E-01	-6.7446917E-03
9.5200000E-01	-6.6110535E-03
9.5300000E-01	-6.4772535E-03
9.5400000E-01	-6.3432913E-03
9.5500000E-01	-6.2091667E-03
9.5600000E-01	-6.0748794E-03
9.5700000E-01	-5.9404290E-03
9.5800000E-01	-5.8058151E-03
9.5900000E-01	-5.6710376E-03
9.6000000E-01	-5.5360960E-03
9.6100000E-01	-5.4009900E-03
9.6200000E-01	-5.2657194E-03
9.6300000E-01	-5.1302837E-03
9.6400000E-01	-4.9946827E-03
9.6500000E-01	-4.8589160E-03
9.6600000E-01	-4.7229832E-03
9.6700000E-01	-4.5868841E-03
9.6800000E-01	-4.4506184E-03
9.6900000E-01	-4.3141856E-03
9.7000000E-01	-4.1775854E-03
9.7100000E-01	-4.0408175E-03
9.7200000E-01	-3.9038816E-03
9.7300000E-01	-3.7667773E-03
9.7400000E-01	-3.6295042E-03
9.7500000E-01	-3.4920621E-03
9.7600000E-01	-3.3544505E-03
9.7700000E-01	-3.2166691E-03
9.7800000E-01	-3.0787175E-03
9.7900000E-01	-2.9405955E-03
9.8000000E-01	-2.8023026E-03
9.8100000E-01	-2.6638385E-03
9.8200000E-01	-2.5252028E-03
9.8300000E-01	-2.3863952E-03
9.8400000E-01	-2.2474152E-03
9.8500000E-01	-2.1082626E-03
9.8600000E-01	-1.9689370E-03
9.8700000E-01	-1.8294379E-03
9.8800000E-01	-1.6897651E-03
9.8900000E-01	-1.5499182E-03
9.9000000E-01	-1.4098967E-03
9.9100000E-01	-1.2697003E-03
9.9200000E-01	-1.1293287E-03
9.9300000E-01	-9.8878138E-04
9.9400000E-01	-8.4805806E-04
9.9500000E-01	-7.0715833E-04
9.9600000E-01	-5.6608180E-04
9.9700000E-01	-4.2482809E-04
9.9800000E-01	-2.8339681E-04
9.9900000E-01	-1.4178758E-04
1.0000000E+00	0.0000000E+00
